0 -122.51364359485, 37.7080162257804
1 -122.51364359485, 37.711684740565964
2 -122.51364359485, 37.71535325535153
3 -122.51364359485, 37.7190217701371
4 -122.51364359485, 37.72269028492266
5 -122.51364359485, 37.72635879970823
6 -122.51364359485, 37.730027314493796
7 -122.51364359485, 37.73369582927936
8 -122.51364359485, 37.73736434406493
9 -122.51364359485, 37.741032858850495
10 -122.51364359485, 37.74470137363606
11 -122.51364359485, 37.74836988842163
12 -122.51364359485, 37.752038403207195
13 -122.51364359485, 37.75570691799276
14 -122.51364359485, 37.75937543277833
15 -122.51364359485, 37.763043947563894
16 -122.51364359485, 37.76671246234946
17 -122.51364359485, 37.77038097713503
18 -122.51364359485, 37.77404949192059
19 -122.51364359485, 37.77771800670616
20 -122.51364359485, 37.781386521491726
21 -122.51364359485, 37.78505503627729
22 -122.51364359485, 37.78872355106286
23 -122.51364359485, 37.792392065848425
24 -122.51364359485, 37.79606058063399
25 -122.51364359485, 37.79972909541956
26 -122.51364359485, 37.803397610205124
27 -122.51364359485, 37.80706612499069
28 -122.51364359485, 37.81073463977626
29 -122.51364359485, 37.81440315456182
30 -122.5086970161248, 37.7080162257804
31 -122.5086970161248, 37.711684740565964
32 -122.5086970161248, 37.71535325535153
33 -122.5086970161248, 37.7190217701371
34 -122.5086970161248, 37.72269028492266
35 -122.5086970161248, 37.72635879970823
36 -122.5086970161248, 37.730027314493796
37 -122.5086970161248, 37.73369582927936
38 -122.5086970161248, 37.73736434406493
39 -122.5086970161248, 37.741032858850495
40 -122.5086970161248, 37.74470137363606
41 -122.5086970161248, 37.74836988842163
42 -122.5086970161248, 37.752038403207195
43 -122.5086970161248, 37.75570691799276
44 -122.5086970161248, 37.75937543277833
45 -122.5086970161248, 37.763043947563894
46 -122.5086970161248, 37.76671246234946
47 -122.5086970161248, 37.77038097713503
48 -122.5086970161248, 37.77404949192059
49 -122.5086970161248, 37.77771800670616
50 -122.5086970161248, 37.781386521491726
51 -122.5086970161248, 37.78505503627729
52 -122.5086970161248, 37.78872355106286
53 -122.5086970161248, 37.792392065848425
54 -122.5086970161248, 37.79606058063399
55 -122.5086970161248, 37.79972909541956
56 -122.5086970161248, 37.803397610205124
57 -122.5086970161248, 37.80706612499069
58 -122.5086970161248, 37.81073463977626
59 -122.5086970161248, 37.81440315456182
60 -122.5037504373996, 37.7080162257804
61 -122.5037504373996, 37.711684740565964
62 -122.5037504373996, 37.71535325535153
63 -122.5037504373996, 37.7190217701371
64 -122.5037504373996, 37.72269028492266
65 -122.5037504373996, 37.72635879970823
66 -122.5037504373996, 37.730027314493796
67 -122.5037504373996, 37.73369582927936
68 -122.5037504373996, 37.73736434406493
69 -122.5037504373996, 37.741032858850495
70 -122.5037504373996, 37.74470137363606
71 -122.5037504373996, 37.74836988842163
72 -122.5037504373996, 37.752038403207195
73 -122.5037504373996, 37.75570691799276
74 -122.5037504373996, 37.75937543277833
75 -122.5037504373996, 37.763043947563894
76 -122.5037504373996, 37.76671246234946
77 -122.5037504373996, 37.77038097713503
78 -122.5037504373996, 37.77404949192059
79 -122.5037504373996, 37.77771800670616
80 -122.5037504373996, 37.781386521491726
81 -122.5037504373996, 37.78505503627729
82 -122.5037504373996, 37.78872355106286
83 -122.5037504373996, 37.792392065848425
84 -122.5037504373996, 37.79606058063399
85 -122.5037504373996, 37.79972909541956
86 -122.5037504373996, 37.803397610205124
87 -122.5037504373996, 37.80706612499069
88 -122.5037504373996, 37.81073463977626
89 -122.5037504373996, 37.81440315456182
90 -122.4988038586744, 37.7080162257804
91 -122.4988038586744, 37.711684740565964
92 -122.4988038586744, 37.71535325535153
93 -122.4988038586744, 37.7190217701371
94 -122.4988038586744, 37.72269028492266
95 -122.4988038586744, 37.72635879970823
96 -122.4988038586744, 37.730027314493796
97 -122.4988038586744, 37.73369582927936
98 -122.4988038586744, 37.73736434406493
99 -122.4988038586744, 37.741032858850495
100 -122.4988038586744, 37.74470137363606
101 -122.4988038586744, 37.74836988842163
102 -122.4988038586744, 37.752038403207195
103 -122.4988038586744, 37.75570691799276
104 -122.4988038586744, 37.75937543277833
105 -122.4988038586744, 37.763043947563894
106 -122.4988038586744, 37.76671246234946
107 -122.4988038586744, 37.77038097713503
108 -122.4988038586744, 37.77404949192059
109 -122.4988038586744, 37.77771800670616
110 -122.4988038586744, 37.781386521491726
111 -122.4988038586744, 37.78505503627729
112 -122.4988038586744, 37.78872355106286
113 -122.4988038586744, 37.792392065848425
114 -122.4988038586744, 37.79606058063399
115 -122.4988038586744, 37.79972909541956
116 -122.4988038586744, 37.803397610205124
117 -122.4988038586744, 37.80706612499069
118 -122.4988038586744, 37.81073463977626
119 -122.4988038586744, 37.81440315456182
120 -122.49385727994921, 37.7080162257804
121 -122.49385727994921, 37.711684740565964
122 -122.49385727994921, 37.71535325535153
123 -122.49385727994921, 37.7190217701371
124 -122.49385727994921, 37.72269028492266
125 -122.49385727994921, 37.72635879970823
126 -122.49385727994921, 37.730027314493796
127 -122.49385727994921, 37.73369582927936
128 -122.49385727994921, 37.73736434406493
129 -122.49385727994921, 37.741032858850495
130 -122.49385727994921, 37.74470137363606
131 -122.49385727994921, 37.74836988842163
132 -122.49385727994921, 37.752038403207195
133 -122.49385727994921, 37.75570691799276
134 -122.49385727994921, 37.75937543277833
135 -122.49385727994921, 37.763043947563894
136 -122.49385727994921, 37.76671246234946
137 -122.49385727994921, 37.77038097713503
138 -122.49385727994921, 37.77404949192059
139 -122.49385727994921, 37.77771800670616
140 -122.49385727994921, 37.781386521491726
141 -122.49385727994921, 37.78505503627729
142 -122.49385727994921, 37.78872355106286
143 -122.49385727994921, 37.792392065848425
144 -122.49385727994921, 37.79606058063399
145 -122.49385727994921, 37.79972909541956
146 -122.49385727994921, 37.803397610205124
147 -122.49385727994921, 37.80706612499069
148 -122.49385727994921, 37.81073463977626
149 -122.49385727994921, 37.81440315456182
150 -122.48891070122401, 37.7080162257804
151 -122.48891070122401, 37.711684740565964
152 -122.48891070122401, 37.71535325535153
153 -122.48891070122401, 37.7190217701371
154 -122.48891070122401, 37.72269028492266
155 -122.48891070122401, 37.72635879970823
156 -122.48891070122401, 37.730027314493796
157 -122.48891070122401, 37.73369582927936
158 -122.48891070122401, 37.73736434406493
159 -122.48891070122401, 37.741032858850495
160 -122.48891070122401, 37.74470137363606
161 -122.48891070122401, 37.74836988842163
162 -122.48891070122401, 37.752038403207195
163 -122.48891070122401, 37.75570691799276
164 -122.48891070122401, 37.75937543277833
165 -122.48891070122401, 37.763043947563894
166 -122.48891070122401, 37.76671246234946
167 -122.48891070122401, 37.77038097713503
168 -122.48891070122401, 37.77404949192059
169 -122.48891070122401, 37.77771800670616
170 -122.48891070122401, 37.781386521491726
171 -122.48891070122401, 37.78505503627729
172 -122.48891070122401, 37.78872355106286
173 -122.48891070122401, 37.792392065848425
174 -122.48891070122401, 37.79606058063399
175 -122.48891070122401, 37.79972909541956
176 -122.48891070122401, 37.803397610205124
177 -122.48891070122401, 37.80706612499069
178 -122.48891070122401, 37.81073463977626
179 -122.48891070122401, 37.81440315456182
180 -122.48396412249882, 37.7080162257804
181 -122.48396412249882, 37.711684740565964
182 -122.48396412249882, 37.71535325535153
183 -122.48396412249882, 37.7190217701371
184 -122.48396412249882, 37.72269028492266
185 -122.48396412249882, 37.72635879970823
186 -122.48396412249882, 37.730027314493796
187 -122.48396412249882, 37.73369582927936
188 -122.48396412249882, 37.73736434406493
189 -122.48396412249882, 37.741032858850495
190 -122.48396412249882, 37.74470137363606
191 -122.48396412249882, 37.74836988842163
192 -122.48396412249882, 37.752038403207195
193 -122.48396412249882, 37.75570691799276
194 -122.48396412249882, 37.75937543277833
195 -122.48396412249882, 37.763043947563894
196 -122.48396412249882, 37.76671246234946
197 -122.48396412249882, 37.77038097713503
198 -122.48396412249882, 37.77404949192059
199 -122.48396412249882, 37.77771800670616
200 -122.48396412249882, 37.781386521491726
201 -122.48396412249882, 37.78505503627729
202 -122.48396412249882, 37.78872355106286
203 -122.48396412249882, 37.792392065848425
204 -122.48396412249882, 37.79606058063399
205 -122.48396412249882, 37.79972909541956
206 -122.48396412249882, 37.803397610205124
207 -122.48396412249882, 37.80706612499069
208 -122.48396412249882, 37.81073463977626
209 -122.48396412249882, 37.81440315456182
210 -122.47901754377362, 37.7080162257804
211 -122.47901754377362, 37.711684740565964
212 -122.47901754377362, 37.71535325535153
213 -122.47901754377362, 37.7190217701371
214 -122.47901754377362, 37.72269028492266
215 -122.47901754377362, 37.72635879970823
216 -122.47901754377362, 37.730027314493796
217 -122.47901754377362, 37.73369582927936
218 -122.47901754377362, 37.73736434406493
219 -122.47901754377362, 37.741032858850495
220 -122.47901754377362, 37.74470137363606
221 -122.47901754377362, 37.74836988842163
222 -122.47901754377362, 37.752038403207195
223 -122.47901754377362, 37.75570691799276
224 -122.47901754377362, 37.75937543277833
225 -122.47901754377362, 37.763043947563894
226 -122.47901754377362, 37.76671246234946
227 -122.47901754377362, 37.77038097713503
228 -122.47901754377362, 37.77404949192059
229 -122.47901754377362, 37.77771800670616
230 -122.47901754377362, 37.781386521491726
231 -122.47901754377362, 37.78505503627729
232 -122.47901754377362, 37.78872355106286
233 -122.47901754377362, 37.792392065848425
234 -122.47901754377362, 37.79606058063399
235 -122.47901754377362, 37.79972909541956
236 -122.47901754377362, 37.803397610205124
237 -122.47901754377362, 37.80706612499069
238 -122.47901754377362, 37.81073463977626
239 -122.47901754377362, 37.81440315456182
240 -122.47407096504843, 37.7080162257804
241 -122.47407096504843, 37.711684740565964
242 -122.47407096504843, 37.71535325535153
243 -122.47407096504843, 37.7190217701371
244 -122.47407096504843, 37.72269028492266
245 -122.47407096504843, 37.72635879970823
246 -122.47407096504843, 37.730027314493796
247 -122.47407096504843, 37.73369582927936
248 -122.47407096504843, 37.73736434406493
249 -122.47407096504843, 37.741032858850495
250 -122.47407096504843, 37.74470137363606
251 -122.47407096504843, 37.74836988842163
252 -122.47407096504843, 37.752038403207195
253 -122.47407096504843, 37.75570691799276
254 -122.47407096504843, 37.75937543277833
255 -122.47407096504843, 37.763043947563894
256 -122.47407096504843, 37.76671246234946
257 -122.47407096504843, 37.77038097713503
258 -122.47407096504843, 37.77404949192059
259 -122.47407096504843, 37.77771800670616
260 -122.47407096504843, 37.781386521491726
261 -122.47407096504843, 37.78505503627729
262 -122.47407096504843, 37.78872355106286
263 -122.47407096504843, 37.792392065848425
264 -122.47407096504843, 37.79606058063399
265 -122.47407096504843, 37.79972909541956
266 -122.47407096504843, 37.803397610205124
267 -122.47407096504843, 37.80706612499069
268 -122.47407096504843, 37.81073463977626
269 -122.47407096504843, 37.81440315456182
270 -122.46912438632323, 37.7080162257804
271 -122.46912438632323, 37.711684740565964
272 -122.46912438632323, 37.71535325535153
273 -122.46912438632323, 37.7190217701371
274 -122.46912438632323, 37.72269028492266
275 -122.46912438632323, 37.72635879970823
276 -122.46912438632323, 37.730027314493796
277 -122.46912438632323, 37.73369582927936
278 -122.46912438632323, 37.73736434406493
279 -122.46912438632323, 37.741032858850495
280 -122.46912438632323, 37.74470137363606
281 -122.46912438632323, 37.74836988842163
282 -122.46912438632323, 37.752038403207195
283 -122.46912438632323, 37.75570691799276
284 -122.46912438632323, 37.75937543277833
285 -122.46912438632323, 37.763043947563894
286 -122.46912438632323, 37.76671246234946
287 -122.46912438632323, 37.77038097713503
288 -122.46912438632323, 37.77404949192059
289 -122.46912438632323, 37.77771800670616
290 -122.46912438632323, 37.781386521491726
291 -122.46912438632323, 37.78505503627729
292 -122.46912438632323, 37.78872355106286
293 -122.46912438632323, 37.792392065848425
294 -122.46912438632323, 37.79606058063399
295 -122.46912438632323, 37.79972909541956
296 -122.46912438632323, 37.803397610205124
297 -122.46912438632323, 37.80706612499069
298 -122.46912438632323, 37.81073463977626
299 -122.46912438632323, 37.81440315456182
300 -122.46417780759803, 37.7080162257804
301 -122.46417780759803, 37.711684740565964
302 -122.46417780759803, 37.71535325535153
303 -122.46417780759803, 37.7190217701371
304 -122.46417780759803, 37.72269028492266
305 -122.46417780759803, 37.72635879970823
306 -122.46417780759803, 37.730027314493796
307 -122.46417780759803, 37.73369582927936
308 -122.46417780759803, 37.73736434406493
309 -122.46417780759803, 37.741032858850495
310 -122.46417780759803, 37.74470137363606
311 -122.46417780759803, 37.74836988842163
312 -122.46417780759803, 37.752038403207195
313 -122.46417780759803, 37.75570691799276
314 -122.46417780759803, 37.75937543277833
315 -122.46417780759803, 37.763043947563894
316 -122.46417780759803, 37.76671246234946
317 -122.46417780759803, 37.77038097713503
318 -122.46417780759803, 37.77404949192059
319 -122.46417780759803, 37.77771800670616
320 -122.46417780759803, 37.781386521491726
321 -122.46417780759803, 37.78505503627729
322 -122.46417780759803, 37.78872355106286
323 -122.46417780759803, 37.792392065848425
324 -122.46417780759803, 37.79606058063399
325 -122.46417780759803, 37.79972909541956
326 -122.46417780759803, 37.803397610205124
327 -122.46417780759803, 37.80706612499069
328 -122.46417780759803, 37.81073463977626
329 -122.46417780759803, 37.81440315456182
330 -122.45923122887284, 37.7080162257804
331 -122.45923122887284, 37.711684740565964
332 -122.45923122887284, 37.71535325535153
333 -122.45923122887284, 37.7190217701371
334 -122.45923122887284, 37.72269028492266
335 -122.45923122887284, 37.72635879970823
336 -122.45923122887284, 37.730027314493796
337 -122.45923122887284, 37.73369582927936
338 -122.45923122887284, 37.73736434406493
339 -122.45923122887284, 37.741032858850495
340 -122.45923122887284, 37.74470137363606
341 -122.45923122887284, 37.74836988842163
342 -122.45923122887284, 37.752038403207195
343 -122.45923122887284, 37.75570691799276
344 -122.45923122887284, 37.75937543277833
345 -122.45923122887284, 37.763043947563894
346 -122.45923122887284, 37.76671246234946
347 -122.45923122887284, 37.77038097713503
348 -122.45923122887284, 37.77404949192059
349 -122.45923122887284, 37.77771800670616
350 -122.45923122887284, 37.781386521491726
351 -122.45923122887284, 37.78505503627729
352 -122.45923122887284, 37.78872355106286
353 -122.45923122887284, 37.792392065848425
354 -122.45923122887284, 37.79606058063399
355 -122.45923122887284, 37.79972909541956
356 -122.45923122887284, 37.803397610205124
357 -122.45923122887284, 37.80706612499069
358 -122.45923122887284, 37.81073463977626
359 -122.45923122887284, 37.81440315456182
360 -122.45428465014764, 37.7080162257804
361 -122.45428465014764, 37.711684740565964
362 -122.45428465014764, 37.71535325535153
363 -122.45428465014764, 37.7190217701371
364 -122.45428465014764, 37.72269028492266
365 -122.45428465014764, 37.72635879970823
366 -122.45428465014764, 37.730027314493796
367 -122.45428465014764, 37.73369582927936
368 -122.45428465014764, 37.73736434406493
369 -122.45428465014764, 37.741032858850495
370 -122.45428465014764, 37.74470137363606
371 -122.45428465014764, 37.74836988842163
372 -122.45428465014764, 37.752038403207195
373 -122.45428465014764, 37.75570691799276
374 -122.45428465014764, 37.75937543277833
375 -122.45428465014764, 37.763043947563894
376 -122.45428465014764, 37.76671246234946
377 -122.45428465014764, 37.77038097713503
378 -122.45428465014764, 37.77404949192059
379 -122.45428465014764, 37.77771800670616
380 -122.45428465014764, 37.781386521491726
381 -122.45428465014764, 37.78505503627729
382 -122.45428465014764, 37.78872355106286
383 -122.45428465014764, 37.792392065848425
384 -122.45428465014764, 37.79606058063399
385 -122.45428465014764, 37.79972909541956
386 -122.45428465014764, 37.803397610205124
387 -122.45428465014764, 37.80706612499069
388 -122.45428465014764, 37.81073463977626
389 -122.45428465014764, 37.81440315456182
390 -122.44933807142245, 37.7080162257804
391 -122.44933807142245, 37.711684740565964
392 -122.44933807142245, 37.71535325535153
393 -122.44933807142245, 37.7190217701371
394 -122.44933807142245, 37.72269028492266
395 -122.44933807142245, 37.72635879970823
396 -122.44933807142245, 37.730027314493796
397 -122.44933807142245, 37.73369582927936
398 -122.44933807142245, 37.73736434406493
399 -122.44933807142245, 37.741032858850495
400 -122.44933807142245, 37.74470137363606
401 -122.44933807142245, 37.74836988842163
402 -122.44933807142245, 37.752038403207195
403 -122.44933807142245, 37.75570691799276
404 -122.44933807142245, 37.75937543277833
405 -122.44933807142245, 37.763043947563894
406 -122.44933807142245, 37.76671246234946
407 -122.44933807142245, 37.77038097713503
408 -122.44933807142245, 37.77404949192059
409 -122.44933807142245, 37.77771800670616
410 -122.44933807142245, 37.781386521491726
411 -122.44933807142245, 37.78505503627729
412 -122.44933807142245, 37.78872355106286
413 -122.44933807142245, 37.792392065848425
414 -122.44933807142245, 37.79606058063399
415 -122.44933807142245, 37.79972909541956
416 -122.44933807142245, 37.803397610205124
417 -122.44933807142245, 37.80706612499069
418 -122.44933807142245, 37.81073463977626
419 -122.44933807142245, 37.81440315456182
420 -122.44439149269725, 37.7080162257804
421 -122.44439149269725, 37.711684740565964
422 -122.44439149269725, 37.71535325535153
423 -122.44439149269725, 37.7190217701371
424 -122.44439149269725, 37.72269028492266
425 -122.44439149269725, 37.72635879970823
426 -122.44439149269725, 37.730027314493796
427 -122.44439149269725, 37.73369582927936
428 -122.44439149269725, 37.73736434406493
429 -122.44439149269725, 37.741032858850495
430 -122.44439149269725, 37.74470137363606
431 -122.44439149269725, 37.74836988842163
432 -122.44439149269725, 37.752038403207195
433 -122.44439149269725, 37.75570691799276
434 -122.44439149269725, 37.75937543277833
435 -122.44439149269725, 37.763043947563894
436 -122.44439149269725, 37.76671246234946
437 -122.44439149269725, 37.77038097713503
438 -122.44439149269725, 37.77404949192059
439 -122.44439149269725, 37.77771800670616
440 -122.44439149269725, 37.781386521491726
441 -122.44439149269725, 37.78505503627729
442 -122.44439149269725, 37.78872355106286
443 -122.44439149269725, 37.792392065848425
444 -122.44439149269725, 37.79606058063399
445 -122.44439149269725, 37.79972909541956
446 -122.44439149269725, 37.803397610205124
447 -122.44439149269725, 37.80706612499069
448 -122.44439149269725, 37.81073463977626
449 -122.44439149269725, 37.81440315456182
450 -122.43944491397205, 37.7080162257804
451 -122.43944491397205, 37.711684740565964
452 -122.43944491397205, 37.71535325535153
453 -122.43944491397205, 37.7190217701371
454 -122.43944491397205, 37.72269028492266
455 -122.43944491397205, 37.72635879970823
456 -122.43944491397205, 37.730027314493796
457 -122.43944491397205, 37.73369582927936
458 -122.43944491397205, 37.73736434406493
459 -122.43944491397205, 37.741032858850495
460 -122.43944491397205, 37.74470137363606
461 -122.43944491397205, 37.74836988842163
462 -122.43944491397205, 37.752038403207195
463 -122.43944491397205, 37.75570691799276
464 -122.43944491397205, 37.75937543277833
465 -122.43944491397205, 37.763043947563894
466 -122.43944491397205, 37.76671246234946
467 -122.43944491397205, 37.77038097713503
468 -122.43944491397205, 37.77404949192059
469 -122.43944491397205, 37.77771800670616
470 -122.43944491397205, 37.781386521491726
471 -122.43944491397205, 37.78505503627729
472 -122.43944491397205, 37.78872355106286
473 -122.43944491397205, 37.792392065848425
474 -122.43944491397205, 37.79606058063399
475 -122.43944491397205, 37.79972909541956
476 -122.43944491397205, 37.803397610205124
477 -122.43944491397205, 37.80706612499069
478 -122.43944491397205, 37.81073463977626
479 -122.43944491397205, 37.81440315456182
480 -122.43449833524686, 37.7080162257804
481 -122.43449833524686, 37.711684740565964
482 -122.43449833524686, 37.71535325535153
483 -122.43449833524686, 37.7190217701371
484 -122.43449833524686, 37.72269028492266
485 -122.43449833524686, 37.72635879970823
486 -122.43449833524686, 37.730027314493796
487 -122.43449833524686, 37.73369582927936
488 -122.43449833524686, 37.73736434406493
489 -122.43449833524686, 37.741032858850495
490 -122.43449833524686, 37.74470137363606
491 -122.43449833524686, 37.74836988842163
492 -122.43449833524686, 37.752038403207195
493 -122.43449833524686, 37.75570691799276
494 -122.43449833524686, 37.75937543277833
495 -122.43449833524686, 37.763043947563894
496 -122.43449833524686, 37.76671246234946
497 -122.43449833524686, 37.77038097713503
498 -122.43449833524686, 37.77404949192059
499 -122.43449833524686, 37.77771800670616
500 -122.43449833524686, 37.781386521491726
501 -122.43449833524686, 37.78505503627729
502 -122.43449833524686, 37.78872355106286
503 -122.43449833524686, 37.792392065848425
504 -122.43449833524686, 37.79606058063399
505 -122.43449833524686, 37.79972909541956
506 -122.43449833524686, 37.803397610205124
507 -122.43449833524686, 37.80706612499069
508 -122.43449833524686, 37.81073463977626
509 -122.43449833524686, 37.81440315456182
510 -122.42955175652166, 37.7080162257804
511 -122.42955175652166, 37.711684740565964
512 -122.42955175652166, 37.71535325535153
513 -122.42955175652166, 37.7190217701371
514 -122.42955175652166, 37.72269028492266
515 -122.42955175652166, 37.72635879970823
516 -122.42955175652166, 37.730027314493796
517 -122.42955175652166, 37.73369582927936
518 -122.42955175652166, 37.73736434406493
519 -122.42955175652166, 37.741032858850495
520 -122.42955175652166, 37.74470137363606
521 -122.42955175652166, 37.74836988842163
522 -122.42955175652166, 37.752038403207195
523 -122.42955175652166, 37.75570691799276
524 -122.42955175652166, 37.75937543277833
525 -122.42955175652166, 37.763043947563894
526 -122.42955175652166, 37.76671246234946
527 -122.42955175652166, 37.77038097713503
528 -122.42955175652166, 37.77404949192059
529 -122.42955175652166, 37.77771800670616
530 -122.42955175652166, 37.781386521491726
531 -122.42955175652166, 37.78505503627729
532 -122.42955175652166, 37.78872355106286
533 -122.42955175652166, 37.792392065848425
534 -122.42955175652166, 37.79606058063399
535 -122.42955175652166, 37.79972909541956
536 -122.42955175652166, 37.803397610205124
537 -122.42955175652166, 37.80706612499069
538 -122.42955175652166, 37.81073463977626
539 -122.42955175652166, 37.81440315456182
540 -122.42460517779647, 37.7080162257804
541 -122.42460517779647, 37.711684740565964
542 -122.42460517779647, 37.71535325535153
543 -122.42460517779647, 37.7190217701371
544 -122.42460517779647, 37.72269028492266
545 -122.42460517779647, 37.72635879970823
546 -122.42460517779647, 37.730027314493796
547 -122.42460517779647, 37.73369582927936
548 -122.42460517779647, 37.73736434406493
549 -122.42460517779647, 37.741032858850495
550 -122.42460517779647, 37.74470137363606
551 -122.42460517779647, 37.74836988842163
552 -122.42460517779647, 37.752038403207195
553 -122.42460517779647, 37.75570691799276
554 -122.42460517779647, 37.75937543277833
555 -122.42460517779647, 37.763043947563894
556 -122.42460517779647, 37.76671246234946
557 -122.42460517779647, 37.77038097713503
558 -122.42460517779647, 37.77404949192059
559 -122.42460517779647, 37.77771800670616
560 -122.42460517779647, 37.781386521491726
561 -122.42460517779647, 37.78505503627729
562 -122.42460517779647, 37.78872355106286
563 -122.42460517779647, 37.792392065848425
564 -122.42460517779647, 37.79606058063399
565 -122.42460517779647, 37.79972909541956
566 -122.42460517779647, 37.803397610205124
567 -122.42460517779647, 37.80706612499069
568 -122.42460517779647, 37.81073463977626
569 -122.42460517779647, 37.81440315456182
570 -122.41965859907127, 37.7080162257804
571 -122.41965859907127, 37.711684740565964
572 -122.41965859907127, 37.71535325535153
573 -122.41965859907127, 37.7190217701371
574 -122.41965859907127, 37.72269028492266
575 -122.41965859907127, 37.72635879970823
576 -122.41965859907127, 37.730027314493796
577 -122.41965859907127, 37.73369582927936
578 -122.41965859907127, 37.73736434406493
579 -122.41965859907127, 37.741032858850495
580 -122.41965859907127, 37.74470137363606
581 -122.41965859907127, 37.74836988842163
582 -122.41965859907127, 37.752038403207195
583 -122.41965859907127, 37.75570691799276
584 -122.41965859907127, 37.75937543277833
585 -122.41965859907127, 37.763043947563894
586 -122.41965859907127, 37.76671246234946
587 -122.41965859907127, 37.77038097713503
588 -122.41965859907127, 37.77404949192059
589 -122.41965859907127, 37.77771800670616
590 -122.41965859907127, 37.781386521491726
591 -122.41965859907127, 37.78505503627729
592 -122.41965859907127, 37.78872355106286
593 -122.41965859907127, 37.792392065848425
594 -122.41965859907127, 37.79606058063399
595 -122.41965859907127, 37.79972909541956
596 -122.41965859907127, 37.803397610205124
597 -122.41965859907127, 37.80706612499069
598 -122.41965859907127, 37.81073463977626
599 -122.41965859907127, 37.81440315456182
600 -122.41471202034607, 37.7080162257804
601 -122.41471202034607, 37.711684740565964
602 -122.41471202034607, 37.71535325535153
603 -122.41471202034607, 37.7190217701371
604 -122.41471202034607, 37.72269028492266
605 -122.41471202034607, 37.72635879970823
606 -122.41471202034607, 37.730027314493796
607 -122.41471202034607, 37.73369582927936
608 -122.41471202034607, 37.73736434406493
609 -122.41471202034607, 37.741032858850495
610 -122.41471202034607, 37.74470137363606
611 -122.41471202034607, 37.74836988842163
612 -122.41471202034607, 37.752038403207195
613 -122.41471202034607, 37.75570691799276
614 -122.41471202034607, 37.75937543277833
615 -122.41471202034607, 37.763043947563894
616 -122.41471202034607, 37.76671246234946
617 -122.41471202034607, 37.77038097713503
618 -122.41471202034607, 37.77404949192059
619 -122.41471202034607, 37.77771800670616
620 -122.41471202034607, 37.781386521491726
621 -122.41471202034607, 37.78505503627729
622 -122.41471202034607, 37.78872355106286
623 -122.41471202034607, 37.792392065848425
624 -122.41471202034607, 37.79606058063399
625 -122.41471202034607, 37.79972909541956
626 -122.41471202034607, 37.803397610205124
627 -122.41471202034607, 37.80706612499069
628 -122.41471202034607, 37.81073463977626
629 -122.41471202034607, 37.81440315456182
630 -122.40976544162088, 37.7080162257804
631 -122.40976544162088, 37.711684740565964
632 -122.40976544162088, 37.71535325535153
633 -122.40976544162088, 37.7190217701371
634 -122.40976544162088, 37.72269028492266
635 -122.40976544162088, 37.72635879970823
636 -122.40976544162088, 37.730027314493796
637 -122.40976544162088, 37.73369582927936
638 -122.40976544162088, 37.73736434406493
639 -122.40976544162088, 37.741032858850495
640 -122.40976544162088, 37.74470137363606
641 -122.40976544162088, 37.74836988842163
642 -122.40976544162088, 37.752038403207195
643 -122.40976544162088, 37.75570691799276
644 -122.40976544162088, 37.75937543277833
645 -122.40976544162088, 37.763043947563894
646 -122.40976544162088, 37.76671246234946
647 -122.40976544162088, 37.77038097713503
648 -122.40976544162088, 37.77404949192059
649 -122.40976544162088, 37.77771800670616
650 -122.40976544162088, 37.781386521491726
651 -122.40976544162088, 37.78505503627729
652 -122.40976544162088, 37.78872355106286
653 -122.40976544162088, 37.792392065848425
654 -122.40976544162088, 37.79606058063399
655 -122.40976544162088, 37.79972909541956
656 -122.40976544162088, 37.803397610205124
657 -122.40976544162088, 37.80706612499069
658 -122.40976544162088, 37.81073463977626
659 -122.40976544162088, 37.81440315456182
660 -122.40481886289568, 37.7080162257804
661 -122.40481886289568, 37.711684740565964
662 -122.40481886289568, 37.71535325535153
663 -122.40481886289568, 37.7190217701371
664 -122.40481886289568, 37.72269028492266
665 -122.40481886289568, 37.72635879970823
666 -122.40481886289568, 37.730027314493796
667 -122.40481886289568, 37.73369582927936
668 -122.40481886289568, 37.73736434406493
669 -122.40481886289568, 37.741032858850495
670 -122.40481886289568, 37.74470137363606
671 -122.40481886289568, 37.74836988842163
672 -122.40481886289568, 37.752038403207195
673 -122.40481886289568, 37.75570691799276
674 -122.40481886289568, 37.75937543277833
675 -122.40481886289568, 37.763043947563894
676 -122.40481886289568, 37.76671246234946
677 -122.40481886289568, 37.77038097713503
678 -122.40481886289568, 37.77404949192059
679 -122.40481886289568, 37.77771800670616
680 -122.40481886289568, 37.781386521491726
681 -122.40481886289568, 37.78505503627729
682 -122.40481886289568, 37.78872355106286
683 -122.40481886289568, 37.792392065848425
684 -122.40481886289568, 37.79606058063399
685 -122.40481886289568, 37.79972909541956
686 -122.40481886289568, 37.803397610205124
687 -122.40481886289568, 37.80706612499069
688 -122.40481886289568, 37.81073463977626
689 -122.40481886289568, 37.81440315456182
690 -122.39987228417048, 37.7080162257804
691 -122.39987228417048, 37.711684740565964
692 -122.39987228417048, 37.71535325535153
693 -122.39987228417048, 37.7190217701371
694 -122.39987228417048, 37.72269028492266
695 -122.39987228417048, 37.72635879970823
696 -122.39987228417048, 37.730027314493796
697 -122.39987228417048, 37.73369582927936
698 -122.39987228417048, 37.73736434406493
699 -122.39987228417048, 37.741032858850495
700 -122.39987228417048, 37.74470137363606
701 -122.39987228417048, 37.74836988842163
702 -122.39987228417048, 37.752038403207195
703 -122.39987228417048, 37.75570691799276
704 -122.39987228417048, 37.75937543277833
705 -122.39987228417048, 37.763043947563894
706 -122.39987228417048, 37.76671246234946
707 -122.39987228417048, 37.77038097713503
708 -122.39987228417048, 37.77404949192059
709 -122.39987228417048, 37.77771800670616
710 -122.39987228417048, 37.781386521491726
711 -122.39987228417048, 37.78505503627729
712 -122.39987228417048, 37.78872355106286
713 -122.39987228417048, 37.792392065848425
714 -122.39987228417048, 37.79606058063399
715 -122.39987228417048, 37.79972909541956
716 -122.39987228417048, 37.803397610205124
717 -122.39987228417048, 37.80706612499069
718 -122.39987228417048, 37.81073463977626
719 -122.39987228417048, 37.81440315456182
720 -122.39492570544529, 37.7080162257804
721 -122.39492570544529, 37.711684740565964
722 -122.39492570544529, 37.71535325535153
723 -122.39492570544529, 37.7190217701371
724 -122.39492570544529, 37.72269028492266
725 -122.39492570544529, 37.72635879970823
726 -122.39492570544529, 37.730027314493796
727 -122.39492570544529, 37.73369582927936
728 -122.39492570544529, 37.73736434406493
729 -122.39492570544529, 37.741032858850495
730 -122.39492570544529, 37.74470137363606
731 -122.39492570544529, 37.74836988842163
732 -122.39492570544529, 37.752038403207195
733 -122.39492570544529, 37.75570691799276
734 -122.39492570544529, 37.75937543277833
735 -122.39492570544529, 37.763043947563894
736 -122.39492570544529, 37.76671246234946
737 -122.39492570544529, 37.77038097713503
738 -122.39492570544529, 37.77404949192059
739 -122.39492570544529, 37.77771800670616
740 -122.39492570544529, 37.781386521491726
741 -122.39492570544529, 37.78505503627729
742 -122.39492570544529, 37.78872355106286
743 -122.39492570544529, 37.792392065848425
744 -122.39492570544529, 37.79606058063399
745 -122.39492570544529, 37.79972909541956
746 -122.39492570544529, 37.803397610205124
747 -122.39492570544529, 37.80706612499069
748 -122.39492570544529, 37.81073463977626
749 -122.39492570544529, 37.81440315456182
750 -122.38997912672009, 37.7080162257804
751 -122.38997912672009, 37.711684740565964
752 -122.38997912672009, 37.71535325535153
753 -122.38997912672009, 37.7190217701371
754 -122.38997912672009, 37.72269028492266
755 -122.38997912672009, 37.72635879970823
756 -122.38997912672009, 37.730027314493796
757 -122.38997912672009, 37.73369582927936
758 -122.38997912672009, 37.73736434406493
759 -122.38997912672009, 37.741032858850495
760 -122.38997912672009, 37.74470137363606
761 -122.38997912672009, 37.74836988842163
762 -122.38997912672009, 37.752038403207195
763 -122.38997912672009, 37.75570691799276
764 -122.38997912672009, 37.75937543277833
765 -122.38997912672009, 37.763043947563894
766 -122.38997912672009, 37.76671246234946
767 -122.38997912672009, 37.77038097713503
768 -122.38997912672009, 37.77404949192059
769 -122.38997912672009, 37.77771800670616
770 -122.38997912672009, 37.781386521491726
771 -122.38997912672009, 37.78505503627729
772 -122.38997912672009, 37.78872355106286
773 -122.38997912672009, 37.792392065848425
774 -122.38997912672009, 37.79606058063399
775 -122.38997912672009, 37.79972909541956
776 -122.38997912672009, 37.803397610205124
777 -122.38997912672009, 37.80706612499069
778 -122.38997912672009, 37.81073463977626
779 -122.38997912672009, 37.81440315456182
780 -122.3850325479949, 37.7080162257804
781 -122.3850325479949, 37.711684740565964
782 -122.3850325479949, 37.71535325535153
783 -122.3850325479949, 37.7190217701371
784 -122.3850325479949, 37.72269028492266
785 -122.3850325479949, 37.72635879970823
786 -122.3850325479949, 37.730027314493796
787 -122.3850325479949, 37.73369582927936
788 -122.3850325479949, 37.73736434406493
789 -122.3850325479949, 37.741032858850495
790 -122.3850325479949, 37.74470137363606
791 -122.3850325479949, 37.74836988842163
792 -122.3850325479949, 37.752038403207195
793 -122.3850325479949, 37.75570691799276
794 -122.3850325479949, 37.75937543277833
795 -122.3850325479949, 37.763043947563894
796 -122.3850325479949, 37.76671246234946
797 -122.3850325479949, 37.77038097713503
798 -122.3850325479949, 37.77404949192059
799 -122.3850325479949, 37.77771800670616
800 -122.3850325479949, 37.781386521491726
801 -122.3850325479949, 37.78505503627729
802 -122.3850325479949, 37.78872355106286
803 -122.3850325479949, 37.792392065848425
804 -122.3850325479949, 37.79606058063399
805 -122.3850325479949, 37.79972909541956
806 -122.3850325479949, 37.803397610205124
807 -122.3850325479949, 37.80706612499069
808 -122.3850325479949, 37.81073463977626
809 -122.3850325479949, 37.81440315456182
810 -122.3800859692697, 37.7080162257804
811 -122.3800859692697, 37.711684740565964
812 -122.3800859692697, 37.71535325535153
813 -122.3800859692697, 37.7190217701371
814 -122.3800859692697, 37.72269028492266
815 -122.3800859692697, 37.72635879970823
816 -122.3800859692697, 37.730027314493796
817 -122.3800859692697, 37.73369582927936
818 -122.3800859692697, 37.73736434406493
819 -122.3800859692697, 37.741032858850495
820 -122.3800859692697, 37.74470137363606
821 -122.3800859692697, 37.74836988842163
822 -122.3800859692697, 37.752038403207195
823 -122.3800859692697, 37.75570691799276
824 -122.3800859692697, 37.75937543277833
825 -122.3800859692697, 37.763043947563894
826 -122.3800859692697, 37.76671246234946
827 -122.3800859692697, 37.77038097713503
828 -122.3800859692697, 37.77404949192059
829 -122.3800859692697, 37.77771800670616
830 -122.3800859692697, 37.781386521491726
831 -122.3800859692697, 37.78505503627729
832 -122.3800859692697, 37.78872355106286
833 -122.3800859692697, 37.792392065848425
834 -122.3800859692697, 37.79606058063399
835 -122.3800859692697, 37.79972909541956
836 -122.3800859692697, 37.803397610205124
837 -122.3800859692697, 37.80706612499069
838 -122.3800859692697, 37.81073463977626
839 -122.3800859692697, 37.81440315456182
840 -122.3751393905445, 37.7080162257804
841 -122.3751393905445, 37.711684740565964
842 -122.3751393905445, 37.71535325535153
843 -122.3751393905445, 37.7190217701371
844 -122.3751393905445, 37.72269028492266
845 -122.3751393905445, 37.72635879970823
846 -122.3751393905445, 37.730027314493796
847 -122.3751393905445, 37.73369582927936
848 -122.3751393905445, 37.73736434406493
849 -122.3751393905445, 37.741032858850495
850 -122.3751393905445, 37.74470137363606
851 -122.3751393905445, 37.74836988842163
852 -122.3751393905445, 37.752038403207195
853 -122.3751393905445, 37.75570691799276
854 -122.3751393905445, 37.75937543277833
855 -122.3751393905445, 37.763043947563894
856 -122.3751393905445, 37.76671246234946
857 -122.3751393905445, 37.77038097713503
858 -122.3751393905445, 37.77404949192059
859 -122.3751393905445, 37.77771800670616
860 -122.3751393905445, 37.781386521491726
861 -122.3751393905445, 37.78505503627729
862 -122.3751393905445, 37.78872355106286
863 -122.3751393905445, 37.792392065848425
864 -122.3751393905445, 37.79606058063399
865 -122.3751393905445, 37.79972909541956
866 -122.3751393905445, 37.803397610205124
867 -122.3751393905445, 37.80706612499069
868 -122.3751393905445, 37.81073463977626
869 -122.3751393905445, 37.81440315456182
870 -122.37019281181931, 37.7080162257804
871 -122.37019281181931, 37.711684740565964
872 -122.37019281181931, 37.71535325535153
873 -122.37019281181931, 37.7190217701371
874 -122.37019281181931, 37.72269028492266
875 -122.37019281181931, 37.72635879970823
876 -122.37019281181931, 37.730027314493796
877 -122.37019281181931, 37.73369582927936
878 -122.37019281181931, 37.73736434406493
879 -122.37019281181931, 37.741032858850495
880 -122.37019281181931, 37.74470137363606
881 -122.37019281181931, 37.74836988842163
882 -122.37019281181931, 37.752038403207195
883 -122.37019281181931, 37.75570691799276
884 -122.37019281181931, 37.75937543277833
885 -122.37019281181931, 37.763043947563894
886 -122.37019281181931, 37.76671246234946
887 -122.37019281181931, 37.77038097713503
888 -122.37019281181931, 37.77404949192059
889 -122.37019281181931, 37.77771800670616
890 -122.37019281181931, 37.781386521491726
891 -122.37019281181931, 37.78505503627729
892 -122.37019281181931, 37.78872355106286
893 -122.37019281181931, 37.792392065848425
894 -122.37019281181931, 37.79606058063399
895 -122.37019281181931, 37.79972909541956
896 -122.37019281181931, 37.803397610205124
897 -122.37019281181931, 37.80706612499069
898 -122.37019281181931, 37.81073463977626
899 -122.37019281181931, 37.81440315456182
