0.500000	0.500000	0
0.500000	0.500000	0
0.500000	1.500000	0
0.500000	1.500000	0
0.500000	2.500000	0
0.500000	2.500000	0
0.500000	3.500000	0
0.500000	3.500000	0
0.500000	4.500000	0
0.500000	4.500000	0
0.500000	5.500000	0
0.500000	5.500000	0
0.500000	6.500000	0
0.500000	6.500000	0
0.500000	7.500000	0
0.500000	7.500000	0
0.500000	8.500000	0
0.500000	8.500000	0
0.500000	9.500000	0
0.500000	9.500000	0
0.500000	10.500000	0
0.500000	10.500000	0
0.500000	11.500000	0
0.500000	11.500000	0
0.500000	12.500000	0
0.500000	12.500000	3
0.500000	13.500000	3
0.500000	13.500000	49
0.500000	14.500000	49
0.500000	14.500000	63
0.500000	15.500000	63
0.500000	15.500000	82
0.500000	16.500000	82
0.500000	16.500000	158
0.500000	17.500000	158
0.500000	17.500000	315
0.500000	18.500000	315
0.500000	18.500000	317
0.500000	19.500000	317
0.500000	19.500000	106
0.500000	20.500000	106
0.500000	20.500000	1
0.500000	21.500000	1
0.500000	21.500000	0
0.500000	22.500000	0
0.500000	22.500000	0
0.500000	23.500000	0
0.500000	23.500000	0
0.500000	24.500000	0
0.500000	24.500000	0
0.500000	25.500000	0
0.500000	25.500000	0
0.500000	26.500000	0
0.500000	26.500000	0
0.500000	27.500000	0
0.500000	27.500000	0
0.500000	28.500000	0
0.500000	28.500000	0
0.500000	29.500000	0
0.500000	29.500000	0
0.500000	30.500000	0

1.500000	0.500000	0
1.500000	0.500000	0
1.500000	1.500000	0
1.500000	1.500000	0
1.500000	2.500000	0
1.500000	2.500000	0
1.500000	3.500000	0
1.500000	3.500000	0
1.500000	4.500000	0
1.500000	4.500000	0
1.500000	5.500000	0
1.500000	5.500000	0
1.500000	6.500000	0
1.500000	6.500000	0
1.500000	7.500000	0
1.500000	7.500000	0
1.500000	8.500000	0
1.500000	8.500000	0
1.500000	9.500000	0
1.500000	9.500000	0
1.500000	10.500000	0
1.500000	10.500000	0
1.500000	11.500000	0
1.500000	11.500000	0
1.500000	12.500000	0
1.500000	12.500000	3
1.500000	13.500000	3
1.500000	13.500000	49
1.500000	14.500000	49
1.500000	14.500000	63
1.500000	15.500000	63
1.500000	15.500000	82
1.500000	16.500000	82
1.500000	16.500000	158
1.500000	17.500000	158
1.500000	17.500000	315
1.500000	18.500000	315
1.500000	18.500000	317
1.500000	19.500000	317
1.500000	19.500000	106
1.500000	20.500000	106
1.500000	20.500000	1
1.500000	21.500000	1
1.500000	21.500000	0
1.500000	22.500000	0
1.500000	22.500000	0
1.500000	23.500000	0
1.500000	23.500000	0
1.500000	24.500000	0
1.500000	24.500000	0
1.500000	25.500000	0
1.500000	25.500000	0
1.500000	26.500000	0
1.500000	26.500000	0
1.500000	27.500000	0
1.500000	27.500000	0
1.500000	28.500000	0
1.500000	28.500000	0
1.500000	29.500000	0
1.500000	29.500000	0
1.500000	30.500000	0

1.500000	0.500000	0
1.500000	0.500000	0
1.500000	1.500000	0
1.500000	1.500000	0
1.500000	2.500000	0
1.500000	2.500000	0
1.500000	3.500000	0
1.500000	3.500000	0
1.500000	4.500000	0
1.500000	4.500000	0
1.500000	5.500000	0
1.500000	5.500000	0
1.500000	6.500000	0
1.500000	6.500000	6
1.500000	7.500000	6
1.500000	7.500000	129
1.500000	8.500000	129
1.500000	8.500000	48
1.500000	9.500000	48
1.500000	9.500000	67
1.500000	10.500000	67
1.500000	10.500000	77
1.500000	11.500000	77
1.500000	11.500000	85
1.500000	12.500000	85
1.500000	12.500000	107
1.500000	13.500000	107
1.500000	13.500000	83
1.500000	14.500000	83
1.500000	14.500000	147
1.500000	15.500000	147
1.500000	15.500000	85
1.500000	16.500000	85
1.500000	16.500000	5
1.500000	17.500000	5
1.500000	17.500000	77
1.500000	18.500000	77
1.500000	18.500000	99
1.500000	19.500000	99
1.500000	19.500000	93
1.500000	20.500000	93
1.500000	20.500000	0
1.500000	21.500000	0
1.500000	21.500000	0
1.500000	22.500000	0
1.500000	22.500000	0
1.500000	23.500000	0
1.500000	23.500000	0
1.500000	24.500000	0
1.500000	24.500000	0
1.500000	25.500000	0
1.500000	25.500000	0
1.500000	26.500000	0
1.500000	26.500000	0
1.500000	27.500000	0
1.500000	27.500000	0
1.500000	28.500000	0
1.500000	28.500000	0
1.500000	29.500000	0
1.500000	29.500000	0
1.500000	30.500000	0

2.500000	0.500000	0
2.500000	0.500000	0
2.500000	1.500000	0
2.500000	1.500000	0
2.500000	2.500000	0
2.500000	2.500000	0
2.500000	3.500000	0
2.500000	3.500000	0
2.500000	4.500000	0
2.500000	4.500000	0
2.500000	5.500000	0
2.500000	5.500000	0
2.500000	6.500000	0
2.500000	6.500000	6
2.500000	7.500000	6
2.500000	7.500000	129
2.500000	8.500000	129
2.500000	8.500000	48
2.500000	9.500000	48
2.500000	9.500000	67
2.500000	10.500000	67
2.500000	10.500000	77
2.500000	11.500000	77
2.500000	11.500000	85
2.500000	12.500000	85
2.500000	12.500000	107
2.500000	13.500000	107
2.500000	13.500000	83
2.500000	14.500000	83
2.500000	14.500000	147
2.500000	15.500000	147
2.500000	15.500000	85
2.500000	16.500000	85
2.500000	16.500000	5
2.500000	17.500000	5
2.500000	17.500000	77
2.500000	18.500000	77
2.500000	18.500000	99
2.500000	19.500000	99
2.500000	19.500000	93
2.500000	20.500000	93
2.500000	20.500000	0
2.500000	21.500000	0
2.500000	21.500000	0
2.500000	22.500000	0
2.500000	22.500000	0
2.500000	23.500000	0
2.500000	23.500000	0
2.500000	24.500000	0
2.500000	24.500000	0
2.500000	25.500000	0
2.500000	25.500000	0
2.500000	26.500000	0
2.500000	26.500000	0
2.500000	27.500000	0
2.500000	27.500000	0
2.500000	28.500000	0
2.500000	28.500000	0
2.500000	29.500000	0
2.500000	29.500000	0
2.500000	30.500000	0

2.500000	0.500000	0
2.500000	0.500000	0
2.500000	1.500000	0
2.500000	1.500000	0
2.500000	2.500000	0
2.500000	2.500000	83
2.500000	3.500000	83
2.500000	3.500000	0
2.500000	4.500000	0
2.500000	4.500000	1
2.500000	5.500000	1
2.500000	5.500000	23
2.500000	6.500000	23
2.500000	6.500000	72
2.500000	7.500000	72
2.500000	7.500000	172
2.500000	8.500000	172
2.500000	8.500000	98
2.500000	9.500000	98
2.500000	9.500000	68
2.500000	10.500000	68
2.500000	10.500000	69
2.500000	11.500000	69
2.500000	11.500000	62
2.500000	12.500000	62
2.500000	12.500000	53
2.500000	13.500000	53
2.500000	13.500000	93
2.500000	14.500000	93
2.500000	14.500000	88
2.500000	15.500000	88
2.500000	15.500000	62
2.500000	16.500000	62
2.500000	16.500000	7
2.500000	17.500000	7
2.500000	17.500000	67
2.500000	18.500000	67
2.500000	18.500000	78
2.500000	19.500000	78
2.500000	19.500000	127
2.500000	20.500000	127
2.500000	20.500000	25
2.500000	21.500000	25
2.500000	21.500000	1
2.500000	22.500000	1
2.500000	22.500000	0
2.500000	23.500000	0
2.500000	23.500000	0
2.500000	24.500000	0
2.500000	24.500000	0
2.500000	25.500000	0
2.500000	25.500000	0
2.500000	26.500000	0
2.500000	26.500000	0
2.500000	27.500000	0
2.500000	27.500000	0
2.500000	28.500000	0
2.500000	28.500000	0
2.500000	29.500000	0
2.500000	29.500000	0
2.500000	30.500000	0

3.500000	0.500000	0
3.500000	0.500000	0
3.500000	1.500000	0
3.500000	1.500000	0
3.500000	2.500000	0
3.500000	2.500000	83
3.500000	3.500000	83
3.500000	3.500000	0
3.500000	4.500000	0
3.500000	4.500000	1
3.500000	5.500000	1
3.500000	5.500000	23
3.500000	6.500000	23
3.500000	6.500000	72
3.500000	7.500000	72
3.500000	7.500000	172
3.500000	8.500000	172
3.500000	8.500000	98
3.500000	9.500000	98
3.500000	9.500000	68
3.500000	10.500000	68
3.500000	10.500000	69
3.500000	11.500000	69
3.500000	11.500000	62
3.500000	12.500000	62
3.500000	12.500000	53
3.500000	13.500000	53
3.500000	13.500000	93
3.500000	14.500000	93
3.500000	14.500000	88
3.500000	15.500000	88
3.500000	15.500000	62
3.500000	16.500000	62
3.500000	16.500000	7
3.500000	17.500000	7
3.500000	17.500000	67
3.500000	18.500000	67
3.500000	18.500000	78
3.500000	19.500000	78
3.500000	19.500000	127
3.500000	20.500000	127
3.500000	20.500000	25
3.500000	21.500000	25
3.500000	21.500000	1
3.500000	22.500000	1
3.500000	22.500000	0
3.500000	23.500000	0
3.500000	23.500000	0
3.500000	24.500000	0
3.500000	24.500000	0
3.500000	25.500000	0
3.500000	25.500000	0
3.500000	26.500000	0
3.500000	26.500000	0
3.500000	27.500000	0
3.500000	27.500000	0
3.500000	28.500000	0
3.500000	28.500000	0
3.500000	29.500000	0
3.500000	29.500000	0
3.500000	30.500000	0

3.500000	0.500000	0
3.500000	0.500000	12
3.500000	1.500000	12
3.500000	1.500000	58
3.500000	2.500000	58
3.500000	2.500000	1
3.500000	3.500000	1
3.500000	3.500000	0
3.500000	4.500000	0
3.500000	4.500000	1
3.500000	5.500000	1
3.500000	5.500000	13
3.500000	6.500000	13
3.500000	6.500000	27
3.500000	7.500000	27
3.500000	7.500000	73
3.500000	8.500000	73
3.500000	8.500000	58
3.500000	9.500000	58
3.500000	9.500000	74
3.500000	10.500000	74
3.500000	10.500000	70
3.500000	11.500000	70
3.500000	11.500000	78
3.500000	12.500000	78
3.500000	12.500000	60
3.500000	13.500000	60
3.500000	13.500000	68
3.500000	14.500000	68
3.500000	14.500000	83
3.500000	15.500000	83
3.500000	15.500000	28
3.500000	16.500000	28
3.500000	16.500000	6
3.500000	17.500000	6
3.500000	17.500000	78
3.500000	18.500000	78
3.500000	18.500000	108
3.500000	19.500000	108
3.500000	19.500000	79
3.500000	20.500000	79
3.500000	20.500000	42
3.500000	21.500000	42
3.500000	21.500000	2
3.500000	22.500000	2
3.500000	22.500000	0
3.500000	23.500000	0
3.500000	23.500000	0
3.500000	24.500000	0
3.500000	24.500000	0
3.500000	25.500000	0
3.500000	25.500000	0
3.500000	26.500000	0
3.500000	26.500000	0
3.500000	27.500000	0
3.500000	27.500000	0
3.500000	28.500000	0
3.500000	28.500000	0
3.500000	29.500000	0
3.500000	29.500000	0
3.500000	30.500000	0

4.500000	0.500000	0
4.500000	0.500000	12
4.500000	1.500000	12
4.500000	1.500000	58
4.500000	2.500000	58
4.500000	2.500000	1
4.500000	3.500000	1
4.500000	3.500000	0
4.500000	4.500000	0
4.500000	4.500000	1
4.500000	5.500000	1
4.500000	5.500000	13
4.500000	6.500000	13
4.500000	6.500000	27
4.500000	7.500000	27
4.500000	7.500000	73
4.500000	8.500000	73
4.500000	8.500000	58
4.500000	9.500000	58
4.500000	9.500000	74
4.500000	10.500000	74
4.500000	10.500000	70
4.500000	11.500000	70
4.500000	11.500000	78
4.500000	12.500000	78
4.500000	12.500000	60
4.500000	13.500000	60
4.500000	13.500000	68
4.500000	14.500000	68
4.500000	14.500000	83
4.500000	15.500000	83
4.500000	15.500000	28
4.500000	16.500000	28
4.500000	16.500000	6
4.500000	17.500000	6
4.500000	17.500000	78
4.500000	18.500000	78
4.500000	18.500000	108
4.500000	19.500000	108
4.500000	19.500000	79
4.500000	20.500000	79
4.500000	20.500000	42
4.500000	21.500000	42
4.500000	21.500000	2
4.500000	22.500000	2
4.500000	22.500000	0
4.500000	23.500000	0
4.500000	23.500000	0
4.500000	24.500000	0
4.500000	24.500000	0
4.500000	25.500000	0
4.500000	25.500000	0
4.500000	26.500000	0
4.500000	26.500000	0
4.500000	27.500000	0
4.500000	27.500000	0
4.500000	28.500000	0
4.500000	28.500000	0
4.500000	29.500000	0
4.500000	29.500000	0
4.500000	30.500000	0

4.500000	0.500000	0
4.500000	0.500000	0
4.500000	1.500000	0
4.500000	1.500000	199
4.500000	2.500000	199
4.500000	2.500000	0
4.500000	3.500000	0
4.500000	3.500000	0
4.500000	4.500000	0
4.500000	4.500000	8
4.500000	5.500000	8
4.500000	5.500000	26
4.500000	6.500000	26
4.500000	6.500000	43
4.500000	7.500000	43
4.500000	7.500000	404
4.500000	8.500000	404
4.500000	8.500000	79
4.500000	9.500000	79
4.500000	9.500000	82
4.500000	10.500000	82
4.500000	10.500000	69
4.500000	11.500000	69
4.500000	11.500000	70
4.500000	12.500000	70
4.500000	12.500000	91
4.500000	13.500000	91
4.500000	13.500000	88
4.500000	14.500000	88
4.500000	14.500000	99
4.500000	15.500000	99
4.500000	15.500000	48
4.500000	16.500000	48
4.500000	16.500000	0
4.500000	17.500000	0
4.500000	17.500000	97
4.500000	18.500000	97
4.500000	18.500000	76
4.500000	19.500000	76
4.500000	19.500000	217
4.500000	20.500000	217
4.500000	20.500000	146
4.500000	21.500000	146
4.500000	21.500000	49
4.500000	22.500000	49
4.500000	22.500000	0
4.500000	23.500000	0
4.500000	23.500000	0
4.500000	24.500000	0
4.500000	24.500000	0
4.500000	25.500000	0
4.500000	25.500000	0
4.500000	26.500000	0
4.500000	26.500000	0
4.500000	27.500000	0
4.500000	27.500000	0
4.500000	28.500000	0
4.500000	28.500000	0
4.500000	29.500000	0
4.500000	29.500000	0
4.500000	30.500000	0

5.500000	0.500000	0
5.500000	0.500000	0
5.500000	1.500000	0
5.500000	1.500000	199
5.500000	2.500000	199
5.500000	2.500000	0
5.500000	3.500000	0
5.500000	3.500000	0
5.500000	4.500000	0
5.500000	4.500000	8
5.500000	5.500000	8
5.500000	5.500000	26
5.500000	6.500000	26
5.500000	6.500000	43
5.500000	7.500000	43
5.500000	7.500000	404
5.500000	8.500000	404
5.500000	8.500000	79
5.500000	9.500000	79
5.500000	9.500000	82
5.500000	10.500000	82
5.500000	10.500000	69
5.500000	11.500000	69
5.500000	11.500000	70
5.500000	12.500000	70
5.500000	12.500000	91
5.500000	13.500000	91
5.500000	13.500000	88
5.500000	14.500000	88
5.500000	14.500000	99
5.500000	15.500000	99
5.500000	15.500000	48
5.500000	16.500000	48
5.500000	16.500000	0
5.500000	17.500000	0
5.500000	17.500000	97
5.500000	18.500000	97
5.500000	18.500000	76
5.500000	19.500000	76
5.500000	19.500000	217
5.500000	20.500000	217
5.500000	20.500000	146
5.500000	21.500000	146
5.500000	21.500000	49
5.500000	22.500000	49
5.500000	22.500000	0
5.500000	23.500000	0
5.500000	23.500000	0
5.500000	24.500000	0
5.500000	24.500000	0
5.500000	25.500000	0
5.500000	25.500000	0
5.500000	26.500000	0
5.500000	26.500000	0
5.500000	27.500000	0
5.500000	27.500000	0
5.500000	28.500000	0
5.500000	28.500000	0
5.500000	29.500000	0
5.500000	29.500000	0
5.500000	30.500000	0

5.500000	0.500000	0
5.500000	0.500000	38
5.500000	1.500000	38
5.500000	1.500000	61
5.500000	2.500000	61
5.500000	2.500000	40
5.500000	3.500000	40
5.500000	3.500000	19
5.500000	4.500000	19
5.500000	4.500000	91
5.500000	5.500000	91
5.500000	5.500000	2
5.500000	6.500000	2
5.500000	6.500000	56
5.500000	7.500000	56
5.500000	7.500000	47
5.500000	8.500000	47
5.500000	8.500000	69
5.500000	9.500000	69
5.500000	9.500000	73
5.500000	10.500000	73
5.500000	10.500000	47
5.500000	11.500000	47
5.500000	11.500000	42
5.500000	12.500000	42
5.500000	12.500000	142
5.500000	13.500000	142
5.500000	13.500000	100
5.500000	14.500000	100
5.500000	14.500000	90
5.500000	15.500000	90
5.500000	15.500000	44
5.500000	16.500000	44
5.500000	16.500000	7
5.500000	17.500000	7
5.500000	17.500000	89
5.500000	18.500000	89
5.500000	18.500000	76
5.500000	19.500000	76
5.500000	19.500000	219
5.500000	20.500000	219
5.500000	20.500000	106
5.500000	21.500000	106
5.500000	21.500000	101
5.500000	22.500000	101
5.500000	22.500000	8
5.500000	23.500000	8
5.500000	23.500000	0
5.500000	24.500000	0
5.500000	24.500000	0
5.500000	25.500000	0
5.500000	25.500000	0
5.500000	26.500000	0
5.500000	26.500000	0
5.500000	27.500000	0
5.500000	27.500000	0
5.500000	28.500000	0
5.500000	28.500000	0
5.500000	29.500000	0
5.500000	29.500000	0
5.500000	30.500000	0

6.500000	0.500000	0
6.500000	0.500000	38
6.500000	1.500000	38
6.500000	1.500000	61
6.500000	2.500000	61
6.500000	2.500000	40
6.500000	3.500000	40
6.500000	3.500000	19
6.500000	4.500000	19
6.500000	4.500000	91
6.500000	5.500000	91
6.500000	5.500000	2
6.500000	6.500000	2
6.500000	6.500000	56
6.500000	7.500000	56
6.500000	7.500000	47
6.500000	8.500000	47
6.500000	8.500000	69
6.500000	9.500000	69
6.500000	9.500000	73
6.500000	10.500000	73
6.500000	10.500000	47
6.500000	11.500000	47
6.500000	11.500000	42
6.500000	12.500000	42
6.500000	12.500000	142
6.500000	13.500000	142
6.500000	13.500000	100
6.500000	14.500000	100
6.500000	14.500000	90
6.500000	15.500000	90
6.500000	15.500000	44
6.500000	16.500000	44
6.500000	16.500000	7
6.500000	17.500000	7
6.500000	17.500000	89
6.500000	18.500000	89
6.500000	18.500000	76
6.500000	19.500000	76
6.500000	19.500000	219
6.500000	20.500000	219
6.500000	20.500000	106
6.500000	21.500000	106
6.500000	21.500000	101
6.500000	22.500000	101
6.500000	22.500000	8
6.500000	23.500000	8
6.500000	23.500000	0
6.500000	24.500000	0
6.500000	24.500000	0
6.500000	25.500000	0
6.500000	25.500000	0
6.500000	26.500000	0
6.500000	26.500000	0
6.500000	27.500000	0
6.500000	27.500000	0
6.500000	28.500000	0
6.500000	28.500000	0
6.500000	29.500000	0
6.500000	29.500000	0
6.500000	30.500000	0

6.500000	0.500000	0
6.500000	0.500000	0
6.500000	1.500000	0
6.500000	1.500000	14
6.500000	2.500000	14
6.500000	2.500000	192
6.500000	3.500000	192
6.500000	3.500000	236
6.500000	4.500000	236
6.500000	4.500000	16
6.500000	5.500000	16
6.500000	5.500000	68
6.500000	6.500000	68
6.500000	6.500000	125
6.500000	7.500000	125
6.500000	7.500000	36
6.500000	8.500000	36
6.500000	8.500000	65
6.500000	9.500000	65
6.500000	9.500000	82
6.500000	10.500000	82
6.500000	10.500000	131
6.500000	11.500000	131
6.500000	11.500000	56
6.500000	12.500000	56
6.500000	12.500000	95
6.500000	13.500000	95
6.500000	13.500000	77
6.500000	14.500000	77
6.500000	14.500000	83
6.500000	15.500000	83
6.500000	15.500000	171
6.500000	16.500000	171
6.500000	16.500000	9
6.500000	17.500000	9
6.500000	17.500000	172
6.500000	18.500000	172
6.500000	18.500000	87
6.500000	19.500000	87
6.500000	19.500000	235
6.500000	20.500000	235
6.500000	20.500000	146
6.500000	21.500000	146
6.500000	21.500000	50
6.500000	22.500000	50
6.500000	22.500000	0
6.500000	23.500000	0
6.500000	23.500000	0
6.500000	24.500000	0
6.500000	24.500000	0
6.500000	25.500000	0
6.500000	25.500000	0
6.500000	26.500000	0
6.500000	26.500000	0
6.500000	27.500000	0
6.500000	27.500000	0
6.500000	28.500000	0
6.500000	28.500000	0
6.500000	29.500000	0
6.500000	29.500000	0
6.500000	30.500000	0

7.500000	0.500000	0
7.500000	0.500000	0
7.500000	1.500000	0
7.500000	1.500000	14
7.500000	2.500000	14
7.500000	2.500000	192
7.500000	3.500000	192
7.500000	3.500000	236
7.500000	4.500000	236
7.500000	4.500000	16
7.500000	5.500000	16
7.500000	5.500000	68
7.500000	6.500000	68
7.500000	6.500000	125
7.500000	7.500000	125
7.500000	7.500000	36
7.500000	8.500000	36
7.500000	8.500000	65
7.500000	9.500000	65
7.500000	9.500000	82
7.500000	10.500000	82
7.500000	10.500000	131
7.500000	11.500000	131
7.500000	11.500000	56
7.500000	12.500000	56
7.500000	12.500000	95
7.500000	13.500000	95
7.500000	13.500000	77
7.500000	14.500000	77
7.500000	14.500000	83
7.500000	15.500000	83
7.500000	15.500000	171
7.500000	16.500000	171
7.500000	16.500000	9
7.500000	17.500000	9
7.500000	17.500000	172
7.500000	18.500000	172
7.500000	18.500000	87
7.500000	19.500000	87
7.500000	19.500000	235
7.500000	20.500000	235
7.500000	20.500000	146
7.500000	21.500000	146
7.500000	21.500000	50
7.500000	22.500000	50
7.500000	22.500000	0
7.500000	23.500000	0
7.500000	23.500000	0
7.500000	24.500000	0
7.500000	24.500000	0
7.500000	25.500000	0
7.500000	25.500000	0
7.500000	26.500000	0
7.500000	26.500000	0
7.500000	27.500000	0
7.500000	27.500000	0
7.500000	28.500000	0
7.500000	28.500000	0
7.500000	29.500000	0
7.500000	29.500000	0
7.500000	30.500000	0

7.500000	0.500000	0
7.500000	0.500000	0
7.500000	1.500000	0
7.500000	1.500000	18
7.500000	2.500000	18
7.500000	2.500000	303
7.500000	3.500000	303
7.500000	3.500000	290
7.500000	4.500000	290
7.500000	4.500000	59
7.500000	5.500000	59
7.500000	5.500000	2284
7.500000	6.500000	2284
7.500000	6.500000	194
7.500000	7.500000	194
7.500000	7.500000	66
7.500000	8.500000	66
7.500000	8.500000	69
7.500000	9.500000	69
7.500000	9.500000	168
7.500000	10.500000	168
7.500000	10.500000	99
7.500000	11.500000	99
7.500000	11.500000	83
7.500000	12.500000	83
7.500000	12.500000	148
7.500000	13.500000	148
7.500000	13.500000	101
7.500000	14.500000	101
7.500000	14.500000	127
7.500000	15.500000	127
7.500000	15.500000	183
7.500000	16.500000	183
7.500000	16.500000	298
7.500000	17.500000	298
7.500000	17.500000	105
7.500000	18.500000	105
7.500000	18.500000	127
7.500000	19.500000	127
7.500000	19.500000	286
7.500000	20.500000	286
7.500000	20.500000	149
7.500000	21.500000	149
7.500000	21.500000	59
7.500000	22.500000	59
7.500000	22.500000	0
7.500000	23.500000	0
7.500000	23.500000	0
7.500000	24.500000	0
7.500000	24.500000	0
7.500000	25.500000	0
7.500000	25.500000	0
7.500000	26.500000	0
7.500000	26.500000	50
7.500000	27.500000	50
7.500000	27.500000	0
7.500000	28.500000	0
7.500000	28.500000	0
7.500000	29.500000	0
7.500000	29.500000	0
7.500000	30.500000	0

8.500000	0.500000	0
8.500000	0.500000	0
8.500000	1.500000	0
8.500000	1.500000	18
8.500000	2.500000	18
8.500000	2.500000	303
8.500000	3.500000	303
8.500000	3.500000	290
8.500000	4.500000	290
8.500000	4.500000	59
8.500000	5.500000	59
8.500000	5.500000	2284
8.500000	6.500000	2284
8.500000	6.500000	194
8.500000	7.500000	194
8.500000	7.500000	66
8.500000	8.500000	66
8.500000	8.500000	69
8.500000	9.500000	69
8.500000	9.500000	168
8.500000	10.500000	168
8.500000	10.500000	99
8.500000	11.500000	99
8.500000	11.500000	83
8.500000	12.500000	83
8.500000	12.500000	148
8.500000	13.500000	148
8.500000	13.500000	101
8.500000	14.500000	101
8.500000	14.500000	127
8.500000	15.500000	127
8.500000	15.500000	183
8.500000	16.500000	183
8.500000	16.500000	298
8.500000	17.500000	298
8.500000	17.500000	105
8.500000	18.500000	105
8.500000	18.500000	127
8.500000	19.500000	127
8.500000	19.500000	286
8.500000	20.500000	286
8.500000	20.500000	149
8.500000	21.500000	149
8.500000	21.500000	59
8.500000	22.500000	59
8.500000	22.500000	0
8.500000	23.500000	0
8.500000	23.500000	0
8.500000	24.500000	0
8.500000	24.500000	0
8.500000	25.500000	0
8.500000	25.500000	0
8.500000	26.500000	0
8.500000	26.500000	50
8.500000	27.500000	50
8.500000	27.500000	0
8.500000	28.500000	0
8.500000	28.500000	0
8.500000	29.500000	0
8.500000	29.500000	0
8.500000	30.500000	0

8.500000	0.500000	0
8.500000	0.500000	124
8.500000	1.500000	124
8.500000	1.500000	239
8.500000	2.500000	239
8.500000	2.500000	176
8.500000	3.500000	176
8.500000	3.500000	249
8.500000	4.500000	249
8.500000	4.500000	84
8.500000	5.500000	84
8.500000	5.500000	112
8.500000	6.500000	112
8.500000	6.500000	104
8.500000	7.500000	104
8.500000	7.500000	61
8.500000	8.500000	61
8.500000	8.500000	82
8.500000	9.500000	82
8.500000	9.500000	203
8.500000	10.500000	203
8.500000	10.500000	142
8.500000	11.500000	142
8.500000	11.500000	88
8.500000	12.500000	88
8.500000	12.500000	79
8.500000	13.500000	79
8.500000	13.500000	104
8.500000	14.500000	104
8.500000	14.500000	125
8.500000	15.500000	125
8.500000	15.500000	436
8.500000	16.500000	436
8.500000	16.500000	15
8.500000	17.500000	15
8.500000	17.500000	89
8.500000	18.500000	89
8.500000	18.500000	136
8.500000	19.500000	136
8.500000	19.500000	230
8.500000	20.500000	230
8.500000	20.500000	147
8.500000	21.500000	147
8.500000	21.500000	96
8.500000	22.500000	96
8.500000	22.500000	0
8.500000	23.500000	0
8.500000	23.500000	0
8.500000	24.500000	0
8.500000	24.500000	0
8.500000	25.500000	0
8.500000	25.500000	0
8.500000	26.500000	0
8.500000	26.500000	0
8.500000	27.500000	0
8.500000	27.500000	0
8.500000	28.500000	0
8.500000	28.500000	0
8.500000	29.500000	0
8.500000	29.500000	0
8.500000	30.500000	0

9.500000	0.500000	0
9.500000	0.500000	124
9.500000	1.500000	124
9.500000	1.500000	239
9.500000	2.500000	239
9.500000	2.500000	176
9.500000	3.500000	176
9.500000	3.500000	249
9.500000	4.500000	249
9.500000	4.500000	84
9.500000	5.500000	84
9.500000	5.500000	112
9.500000	6.500000	112
9.500000	6.500000	104
9.500000	7.500000	104
9.500000	7.500000	61
9.500000	8.500000	61
9.500000	8.500000	82
9.500000	9.500000	82
9.500000	9.500000	203
9.500000	10.500000	203
9.500000	10.500000	142
9.500000	11.500000	142
9.500000	11.500000	88
9.500000	12.500000	88
9.500000	12.500000	79
9.500000	13.500000	79
9.500000	13.500000	104
9.500000	14.500000	104
9.500000	14.500000	125
9.500000	15.500000	125
9.500000	15.500000	436
9.500000	16.500000	436
9.500000	16.500000	15
9.500000	17.500000	15
9.500000	17.500000	89
9.500000	18.500000	89
9.500000	18.500000	136
9.500000	19.500000	136
9.500000	19.500000	230
9.500000	20.500000	230
9.500000	20.500000	147
9.500000	21.500000	147
9.500000	21.500000	96
9.500000	22.500000	96
9.500000	22.500000	0
9.500000	23.500000	0
9.500000	23.500000	0
9.500000	24.500000	0
9.500000	24.500000	0
9.500000	25.500000	0
9.500000	25.500000	0
9.500000	26.500000	0
9.500000	26.500000	0
9.500000	27.500000	0
9.500000	27.500000	0
9.500000	28.500000	0
9.500000	28.500000	0
9.500000	29.500000	0
9.500000	29.500000	0
9.500000	30.500000	0

9.500000	0.500000	0
9.500000	0.500000	137
9.500000	1.500000	137
9.500000	1.500000	88
9.500000	2.500000	88
9.500000	2.500000	100
9.500000	3.500000	100
9.500000	3.500000	95
9.500000	4.500000	95
9.500000	4.500000	72
9.500000	5.500000	72
9.500000	5.500000	86
9.500000	6.500000	86
9.500000	6.500000	98
9.500000	7.500000	98
9.500000	7.500000	34
9.500000	8.500000	34
9.500000	8.500000	308
9.500000	9.500000	308
9.500000	9.500000	83
9.500000	10.500000	83
9.500000	10.500000	51
9.500000	11.500000	51
9.500000	11.500000	103
9.500000	12.500000	103
9.500000	12.500000	108
9.500000	13.500000	108
9.500000	13.500000	131
9.500000	14.500000	131
9.500000	14.500000	181
9.500000	15.500000	181
9.500000	15.500000	610
9.500000	16.500000	610
9.500000	16.500000	47
9.500000	17.500000	47
9.500000	17.500000	872
9.500000	18.500000	872
9.500000	18.500000	224
9.500000	19.500000	224
9.500000	19.500000	313
9.500000	20.500000	313
9.500000	20.500000	341
9.500000	21.500000	341
9.500000	21.500000	113
9.500000	22.500000	113
9.500000	22.500000	0
9.500000	23.500000	0
9.500000	23.500000	0
9.500000	24.500000	0
9.500000	24.500000	0
9.500000	25.500000	0
9.500000	25.500000	0
9.500000	26.500000	0
9.500000	26.500000	6
9.500000	27.500000	6
9.500000	27.500000	0
9.500000	28.500000	0
9.500000	28.500000	0
9.500000	29.500000	0
9.500000	29.500000	0
9.500000	30.500000	0

10.500000	0.500000	0
10.500000	0.500000	137
10.500000	1.500000	137
10.500000	1.500000	88
10.500000	2.500000	88
10.500000	2.500000	100
10.500000	3.500000	100
10.500000	3.500000	95
10.500000	4.500000	95
10.500000	4.500000	72
10.500000	5.500000	72
10.500000	5.500000	86
10.500000	6.500000	86
10.500000	6.500000	98
10.500000	7.500000	98
10.500000	7.500000	34
10.500000	8.500000	34
10.500000	8.500000	308
10.500000	9.500000	308
10.500000	9.500000	83
10.500000	10.500000	83
10.500000	10.500000	51
10.500000	11.500000	51
10.500000	11.500000	103
10.500000	12.500000	103
10.500000	12.500000	108
10.500000	13.500000	108
10.500000	13.500000	131
10.500000	14.500000	131
10.500000	14.500000	181
10.500000	15.500000	181
10.500000	15.500000	610
10.500000	16.500000	610
10.500000	16.500000	47
10.500000	17.500000	47
10.500000	17.500000	872
10.500000	18.500000	872
10.500000	18.500000	224
10.500000	19.500000	224
10.500000	19.500000	313
10.500000	20.500000	313
10.500000	20.500000	341
10.500000	21.500000	341
10.500000	21.500000	113
10.500000	22.500000	113
10.500000	22.500000	0
10.500000	23.500000	0
10.500000	23.500000	0
10.500000	24.500000	0
10.500000	24.500000	0
10.500000	25.500000	0
10.500000	25.500000	0
10.500000	26.500000	0
10.500000	26.500000	6
10.500000	27.500000	6
10.500000	27.500000	0
10.500000	28.500000	0
10.500000	28.500000	0
10.500000	29.500000	0
10.500000	29.500000	0
10.500000	30.500000	0

10.500000	0.500000	0
10.500000	0.500000	64
10.500000	1.500000	64
10.500000	1.500000	88
10.500000	2.500000	88
10.500000	2.500000	75
10.500000	3.500000	75
10.500000	3.500000	109
10.500000	4.500000	109
10.500000	4.500000	495
10.500000	5.500000	495
10.500000	5.500000	75
10.500000	6.500000	75
10.500000	6.500000	70
10.500000	7.500000	70
10.500000	7.500000	70
10.500000	8.500000	70
10.500000	8.500000	85
10.500000	9.500000	85
10.500000	9.500000	51
10.500000	10.500000	51
10.500000	10.500000	52
10.500000	11.500000	52
10.500000	11.500000	59
10.500000	12.500000	59
10.500000	12.500000	18
10.500000	13.500000	18
10.500000	13.500000	105
10.500000	14.500000	105
10.500000	14.500000	150
10.500000	15.500000	150
10.500000	15.500000	245
10.500000	16.500000	245
10.500000	16.500000	62
10.500000	17.500000	62
10.500000	17.500000	155
10.500000	18.500000	155
10.500000	18.500000	179
10.500000	19.500000	179
10.500000	19.500000	339
10.500000	20.500000	339
10.500000	20.500000	205
10.500000	21.500000	205
10.500000	21.500000	147
10.500000	22.500000	147
10.500000	22.500000	5
10.500000	23.500000	5
10.500000	23.500000	0
10.500000	24.500000	0
10.500000	24.500000	0
10.500000	25.500000	0
10.500000	25.500000	0
10.500000	26.500000	0
10.500000	26.500000	0
10.500000	27.500000	0
10.500000	27.500000	0
10.500000	28.500000	0
10.500000	28.500000	0
10.500000	29.500000	0
10.500000	29.500000	0
10.500000	30.500000	0

11.500000	0.500000	0
11.500000	0.500000	64
11.500000	1.500000	64
11.500000	1.500000	88
11.500000	2.500000	88
11.500000	2.500000	75
11.500000	3.500000	75
11.500000	3.500000	109
11.500000	4.500000	109
11.500000	4.500000	495
11.500000	5.500000	495
11.500000	5.500000	75
11.500000	6.500000	75
11.500000	6.500000	70
11.500000	7.500000	70
11.500000	7.500000	70
11.500000	8.500000	70
11.500000	8.500000	85
11.500000	9.500000	85
11.500000	9.500000	51
11.500000	10.500000	51
11.500000	10.500000	52
11.500000	11.500000	52
11.500000	11.500000	59
11.500000	12.500000	59
11.500000	12.500000	18
11.500000	13.500000	18
11.500000	13.500000	105
11.500000	14.500000	105
11.500000	14.500000	150
11.500000	15.500000	150
11.500000	15.500000	245
11.500000	16.500000	245
11.500000	16.500000	62
11.500000	17.500000	62
11.500000	17.500000	155
11.500000	18.500000	155
11.500000	18.500000	179
11.500000	19.500000	179
11.500000	19.500000	339
11.500000	20.500000	339
11.500000	20.500000	205
11.500000	21.500000	205
11.500000	21.500000	147
11.500000	22.500000	147
11.500000	22.500000	5
11.500000	23.500000	5
11.500000	23.500000	0
11.500000	24.500000	0
11.500000	24.500000	0
11.500000	25.500000	0
11.500000	25.500000	0
11.500000	26.500000	0
11.500000	26.500000	0
11.500000	27.500000	0
11.500000	27.500000	0
11.500000	28.500000	0
11.500000	28.500000	0
11.500000	29.500000	0
11.500000	29.500000	0
11.500000	30.500000	0

11.500000	0.500000	0
11.500000	0.500000	139
11.500000	1.500000	139
11.500000	1.500000	180
11.500000	2.500000	180
11.500000	2.500000	168
11.500000	3.500000	168
11.500000	3.500000	136
11.500000	4.500000	136
11.500000	4.500000	143
11.500000	5.500000	143
11.500000	5.500000	53
11.500000	6.500000	53
11.500000	6.500000	72
11.500000	7.500000	72
11.500000	7.500000	70
11.500000	8.500000	70
11.500000	8.500000	34
11.500000	9.500000	34
11.500000	9.500000	64
11.500000	10.500000	64
11.500000	10.500000	203
11.500000	11.500000	203
11.500000	11.500000	12
11.500000	12.500000	12
11.500000	12.500000	15
11.500000	13.500000	15
11.500000	13.500000	6
11.500000	14.500000	6
11.500000	14.500000	2
11.500000	15.500000	2
11.500000	15.500000	293
11.500000	16.500000	293
11.500000	16.500000	105
11.500000	17.500000	105
11.500000	17.500000	186
11.500000	18.500000	186
11.500000	18.500000	351
11.500000	19.500000	351
11.500000	19.500000	293
11.500000	20.500000	293
11.500000	20.500000	203
11.500000	21.500000	203
11.500000	21.500000	236
11.500000	22.500000	236
11.500000	22.500000	37
11.500000	23.500000	37
11.500000	23.500000	0
11.500000	24.500000	0
11.500000	24.500000	0
11.500000	25.500000	0
11.500000	25.500000	0
11.500000	26.500000	0
11.500000	26.500000	0
11.500000	27.500000	0
11.500000	27.500000	0
11.500000	28.500000	0
11.500000	28.500000	0
11.500000	29.500000	0
11.500000	29.500000	0
11.500000	30.500000	0

12.500000	0.500000	0
12.500000	0.500000	139
12.500000	1.500000	139
12.500000	1.500000	180
12.500000	2.500000	180
12.500000	2.500000	168
12.500000	3.500000	168
12.500000	3.500000	136
12.500000	4.500000	136
12.500000	4.500000	143
12.500000	5.500000	143
12.500000	5.500000	53
12.500000	6.500000	53
12.500000	6.500000	72
12.500000	7.500000	72
12.500000	7.500000	70
12.500000	8.500000	70
12.500000	8.500000	34
12.500000	9.500000	34
12.500000	9.500000	64
12.500000	10.500000	64
12.500000	10.500000	203
12.500000	11.500000	203
12.500000	11.500000	12
12.500000	12.500000	12
12.500000	12.500000	15
12.500000	13.500000	15
12.500000	13.500000	6
12.500000	14.500000	6
12.500000	14.500000	2
12.500000	15.500000	2
12.500000	15.500000	293
12.500000	16.500000	293
12.500000	16.500000	105
12.500000	17.500000	105
12.500000	17.500000	186
12.500000	18.500000	186
12.500000	18.500000	351
12.500000	19.500000	351
12.500000	19.500000	293
12.500000	20.500000	293
12.500000	20.500000	203
12.500000	21.500000	203
12.500000	21.500000	236
12.500000	22.500000	236
12.500000	22.500000	37
12.500000	23.500000	37
12.500000	23.500000	0
12.500000	24.500000	0
12.500000	24.500000	0
12.500000	25.500000	0
12.500000	25.500000	0
12.500000	26.500000	0
12.500000	26.500000	0
12.500000	27.500000	0
12.500000	27.500000	0
12.500000	28.500000	0
12.500000	28.500000	0
12.500000	29.500000	0
12.500000	29.500000	0
12.500000	30.500000	0

12.500000	0.500000	0
12.500000	0.500000	139
12.500000	1.500000	139
12.500000	1.500000	101
12.500000	2.500000	101
12.500000	2.500000	99
12.500000	3.500000	99
12.500000	3.500000	125
12.500000	4.500000	125
12.500000	4.500000	1259
12.500000	5.500000	1259
12.500000	5.500000	79
12.500000	6.500000	79
12.500000	6.500000	121
12.500000	7.500000	121
12.500000	7.500000	116
12.500000	8.500000	116
12.500000	8.500000	50
12.500000	9.500000	50
12.500000	9.500000	85
12.500000	10.500000	85
12.500000	10.500000	169
12.500000	11.500000	169
12.500000	11.500000	30
12.500000	12.500000	30
12.500000	12.500000	26
12.500000	13.500000	26
12.500000	13.500000	31
12.500000	14.500000	31
12.500000	14.500000	76
12.500000	15.500000	76
12.500000	15.500000	348
12.500000	16.500000	348
12.500000	16.500000	767
12.500000	17.500000	767
12.500000	17.500000	294
12.500000	18.500000	294
12.500000	18.500000	296
12.500000	19.500000	296
12.500000	19.500000	247
12.500000	20.500000	247
12.500000	20.500000	276
12.500000	21.500000	276
12.500000	21.500000	439
12.500000	22.500000	439
12.500000	22.500000	74
12.500000	23.500000	74
12.500000	23.500000	0
12.500000	24.500000	0
12.500000	24.500000	0
12.500000	25.500000	0
12.500000	25.500000	0
12.500000	26.500000	0
12.500000	26.500000	0
12.500000	27.500000	0
12.500000	27.500000	0
12.500000	28.500000	0
12.500000	28.500000	0
12.500000	29.500000	0
12.500000	29.500000	0
12.500000	30.500000	0

13.500000	0.500000	0
13.500000	0.500000	139
13.500000	1.500000	139
13.500000	1.500000	101
13.500000	2.500000	101
13.500000	2.500000	99
13.500000	3.500000	99
13.500000	3.500000	125
13.500000	4.500000	125
13.500000	4.500000	1259
13.500000	5.500000	1259
13.500000	5.500000	79
13.500000	6.500000	79
13.500000	6.500000	121
13.500000	7.500000	121
13.500000	7.500000	116
13.500000	8.500000	116
13.500000	8.500000	50
13.500000	9.500000	50
13.500000	9.500000	85
13.500000	10.500000	85
13.500000	10.500000	169
13.500000	11.500000	169
13.500000	11.500000	30
13.500000	12.500000	30
13.500000	12.500000	26
13.500000	13.500000	26
13.500000	13.500000	31
13.500000	14.500000	31
13.500000	14.500000	76
13.500000	15.500000	76
13.500000	15.500000	348
13.500000	16.500000	348
13.500000	16.500000	767
13.500000	17.500000	767
13.500000	17.500000	294
13.500000	18.500000	294
13.500000	18.500000	296
13.500000	19.500000	296
13.500000	19.500000	247
13.500000	20.500000	247
13.500000	20.500000	276
13.500000	21.500000	276
13.500000	21.500000	439
13.500000	22.500000	439
13.500000	22.500000	74
13.500000	23.500000	74
13.500000	23.500000	0
13.500000	24.500000	0
13.500000	24.500000	0
13.500000	25.500000	0
13.500000	25.500000	0
13.500000	26.500000	0
13.500000	26.500000	0
13.500000	27.500000	0
13.500000	27.500000	0
13.500000	28.500000	0
13.500000	28.500000	0
13.500000	29.500000	0
13.500000	29.500000	0
13.500000	30.500000	0

13.500000	0.500000	0
13.500000	0.500000	97
13.500000	1.500000	97
13.500000	1.500000	131
13.500000	2.500000	131
13.500000	2.500000	120
13.500000	3.500000	120
13.500000	3.500000	269
13.500000	4.500000	269
13.500000	4.500000	79
13.500000	5.500000	79
13.500000	5.500000	83
13.500000	6.500000	83
13.500000	6.500000	107
13.500000	7.500000	107
13.500000	7.500000	136
13.500000	8.500000	136
13.500000	8.500000	48
13.500000	9.500000	48
13.500000	9.500000	32
13.500000	10.500000	32
13.500000	10.500000	45
13.500000	11.500000	45
13.500000	11.500000	116
13.500000	12.500000	116
13.500000	12.500000	140
13.500000	13.500000	140
13.500000	13.500000	151
13.500000	14.500000	151
13.500000	14.500000	194
13.500000	15.500000	194
13.500000	15.500000	166
13.500000	16.500000	166
13.500000	16.500000	663
13.500000	17.500000	663
13.500000	17.500000	390
13.500000	18.500000	390
13.500000	18.500000	676
13.500000	19.500000	676
13.500000	19.500000	223
13.500000	20.500000	223
13.500000	20.500000	857
13.500000	21.500000	857
13.500000	21.500000	285
13.500000	22.500000	285
13.500000	22.500000	304
13.500000	23.500000	304
13.500000	23.500000	98
13.500000	24.500000	98
13.500000	24.500000	158
13.500000	25.500000	158
13.500000	25.500000	261
13.500000	26.500000	261
13.500000	26.500000	336
13.500000	27.500000	336
13.500000	27.500000	0
13.500000	28.500000	0
13.500000	28.500000	0
13.500000	29.500000	0
13.500000	29.500000	0
13.500000	30.500000	0

14.500000	0.500000	0
14.500000	0.500000	97
14.500000	1.500000	97
14.500000	1.500000	131
14.500000	2.500000	131
14.500000	2.500000	120
14.500000	3.500000	120
14.500000	3.500000	269
14.500000	4.500000	269
14.500000	4.500000	79
14.500000	5.500000	79
14.500000	5.500000	83
14.500000	6.500000	83
14.500000	6.500000	107
14.500000	7.500000	107
14.500000	7.500000	136
14.500000	8.500000	136
14.500000	8.500000	48
14.500000	9.500000	48
14.500000	9.500000	32
14.500000	10.500000	32
14.500000	10.500000	45
14.500000	11.500000	45
14.500000	11.500000	116
14.500000	12.500000	116
14.500000	12.500000	140
14.500000	13.500000	140
14.500000	13.500000	151
14.500000	14.500000	151
14.500000	14.500000	194
14.500000	15.500000	194
14.500000	15.500000	166
14.500000	16.500000	166
14.500000	16.500000	663
14.500000	17.500000	663
14.500000	17.500000	390
14.500000	18.500000	390
14.500000	18.500000	676
14.500000	19.500000	676
14.500000	19.500000	223
14.500000	20.500000	223
14.500000	20.500000	857
14.500000	21.500000	857
14.500000	21.500000	285
14.500000	22.500000	285
14.500000	22.500000	304
14.500000	23.500000	304
14.500000	23.500000	98
14.500000	24.500000	98
14.500000	24.500000	158
14.500000	25.500000	158
14.500000	25.500000	261
14.500000	26.500000	261
14.500000	26.500000	336
14.500000	27.500000	336
14.500000	27.500000	0
14.500000	28.500000	0
14.500000	28.500000	0
14.500000	29.500000	0
14.500000	29.500000	0
14.500000	30.500000	0

14.500000	0.500000	0
14.500000	0.500000	60
14.500000	1.500000	60
14.500000	1.500000	105
14.500000	2.500000	105
14.500000	2.500000	361
14.500000	3.500000	361
14.500000	3.500000	152
14.500000	4.500000	152
14.500000	4.500000	90
14.500000	5.500000	90
14.500000	5.500000	86
14.500000	6.500000	86
14.500000	6.500000	115
14.500000	7.500000	115
14.500000	7.500000	80
14.500000	8.500000	80
14.500000	8.500000	18
14.500000	9.500000	18
14.500000	9.500000	20
14.500000	10.500000	20
14.500000	10.500000	179
14.500000	11.500000	179
14.500000	11.500000	187
14.500000	12.500000	187
14.500000	12.500000	213
14.500000	13.500000	213
14.500000	13.500000	211
14.500000	14.500000	211
14.500000	14.500000	242
14.500000	15.500000	242
14.500000	15.500000	248
14.500000	16.500000	248
14.500000	16.500000	105
14.500000	17.500000	105
14.500000	17.500000	442
14.500000	18.500000	442
14.500000	18.500000	428
14.500000	19.500000	428
14.500000	19.500000	394
14.500000	20.500000	394
14.500000	20.500000	641
14.500000	21.500000	641
14.500000	21.500000	498
14.500000	22.500000	498
14.500000	22.500000	347
14.500000	23.500000	347
14.500000	23.500000	132
14.500000	24.500000	132
14.500000	24.500000	421
14.500000	25.500000	421
14.500000	25.500000	664
14.500000	26.500000	664
14.500000	26.500000	265
14.500000	27.500000	265
14.500000	27.500000	0
14.500000	28.500000	0
14.500000	28.500000	0
14.500000	29.500000	0
14.500000	29.500000	0
14.500000	30.500000	0

15.500000	0.500000	0
15.500000	0.500000	60
15.500000	1.500000	60
15.500000	1.500000	105
15.500000	2.500000	105
15.500000	2.500000	361
15.500000	3.500000	361
15.500000	3.500000	152
15.500000	4.500000	152
15.500000	4.500000	90
15.500000	5.500000	90
15.500000	5.500000	86
15.500000	6.500000	86
15.500000	6.500000	115
15.500000	7.500000	115
15.500000	7.500000	80
15.500000	8.500000	80
15.500000	8.500000	18
15.500000	9.500000	18
15.500000	9.500000	20
15.500000	10.500000	20
15.500000	10.500000	179
15.500000	11.500000	179
15.500000	11.500000	187
15.500000	12.500000	187
15.500000	12.500000	213
15.500000	13.500000	213
15.500000	13.500000	211
15.500000	14.500000	211
15.500000	14.500000	242
15.500000	15.500000	242
15.500000	15.500000	248
15.500000	16.500000	248
15.500000	16.500000	105
15.500000	17.500000	105
15.500000	17.500000	442
15.500000	18.500000	442
15.500000	18.500000	428
15.500000	19.500000	428
15.500000	19.500000	394
15.500000	20.500000	394
15.500000	20.500000	641
15.500000	21.500000	641
15.500000	21.500000	498
15.500000	22.500000	498
15.500000	22.500000	347
15.500000	23.500000	347
15.500000	23.500000	132
15.500000	24.500000	132
15.500000	24.500000	421
15.500000	25.500000	421
15.500000	25.500000	664
15.500000	26.500000	664
15.500000	26.500000	265
15.500000	27.500000	265
15.500000	27.500000	0
15.500000	28.500000	0
15.500000	28.500000	0
15.500000	29.500000	0
15.500000	29.500000	0
15.500000	30.500000	0

15.500000	0.500000	0
15.500000	0.500000	57
15.500000	1.500000	57
15.500000	1.500000	128
15.500000	2.500000	128
15.500000	2.500000	95
15.500000	3.500000	95
15.500000	3.500000	494
15.500000	4.500000	494
15.500000	4.500000	313
15.500000	5.500000	313
15.500000	5.500000	108
15.500000	6.500000	108
15.500000	6.500000	100
15.500000	7.500000	100
15.500000	7.500000	181
15.500000	8.500000	181
15.500000	8.500000	133
15.500000	9.500000	133
15.500000	9.500000	215
15.500000	10.500000	215
15.500000	10.500000	82
15.500000	11.500000	82
15.500000	11.500000	150
15.500000	12.500000	150
15.500000	12.500000	184
15.500000	13.500000	184
15.500000	13.500000	266
15.500000	14.500000	266
15.500000	14.500000	1466
15.500000	15.500000	1466
15.500000	15.500000	259
15.500000	16.500000	259
15.500000	16.500000	455
15.500000	17.500000	455
15.500000	17.500000	614
15.500000	18.500000	614
15.500000	18.500000	480
15.500000	19.500000	480
15.500000	19.500000	564
15.500000	20.500000	564
15.500000	20.500000	731
15.500000	21.500000	731
15.500000	21.500000	642
15.500000	22.500000	642
15.500000	22.500000	322
15.500000	23.500000	322
15.500000	23.500000	361
15.500000	24.500000	361
15.500000	24.500000	981
15.500000	25.500000	981
15.500000	25.500000	1016
15.500000	26.500000	1016
15.500000	26.500000	239
15.500000	27.500000	239
15.500000	27.500000	0
15.500000	28.500000	0
15.500000	28.500000	0
15.500000	29.500000	0
15.500000	29.500000	0
15.500000	30.500000	0

16.500000	0.500000	0
16.500000	0.500000	57
16.500000	1.500000	57
16.500000	1.500000	128
16.500000	2.500000	128
16.500000	2.500000	95
16.500000	3.500000	95
16.500000	3.500000	494
16.500000	4.500000	494
16.500000	4.500000	313
16.500000	5.500000	313
16.500000	5.500000	108
16.500000	6.500000	108
16.500000	6.500000	100
16.500000	7.500000	100
16.500000	7.500000	181
16.500000	8.500000	181
16.500000	8.500000	133
16.500000	9.500000	133
16.500000	9.500000	215
16.500000	10.500000	215
16.500000	10.500000	82
16.500000	11.500000	82
16.500000	11.500000	150
16.500000	12.500000	150
16.500000	12.500000	184
16.500000	13.500000	184
16.500000	13.500000	266
16.500000	14.500000	266
16.500000	14.500000	1466
16.500000	15.500000	1466
16.500000	15.500000	259
16.500000	16.500000	259
16.500000	16.500000	455
16.500000	17.500000	455
16.500000	17.500000	614
16.500000	18.500000	614
16.500000	18.500000	480
16.500000	19.500000	480
16.500000	19.500000	564
16.500000	20.500000	564
16.500000	20.500000	731
16.500000	21.500000	731
16.500000	21.500000	642
16.500000	22.500000	642
16.500000	22.500000	322
16.500000	23.500000	322
16.500000	23.500000	361
16.500000	24.500000	361
16.500000	24.500000	981
16.500000	25.500000	981
16.500000	25.500000	1016
16.500000	26.500000	1016
16.500000	26.500000	239
16.500000	27.500000	239
16.500000	27.500000	0
16.500000	28.500000	0
16.500000	28.500000	0
16.500000	29.500000	0
16.500000	29.500000	0
16.500000	30.500000	0

16.500000	0.500000	0
16.500000	0.500000	45
16.500000	1.500000	45
16.500000	1.500000	103
16.500000	2.500000	103
16.500000	2.500000	66
16.500000	3.500000	66
16.500000	3.500000	98
16.500000	4.500000	98
16.500000	4.500000	175
16.500000	5.500000	175
16.500000	5.500000	233
16.500000	6.500000	233
16.500000	6.500000	204
16.500000	7.500000	204
16.500000	7.500000	222
16.500000	8.500000	222
16.500000	8.500000	109
16.500000	9.500000	109
16.500000	9.500000	143
16.500000	10.500000	143
16.500000	10.500000	194
16.500000	11.500000	194
16.500000	11.500000	415
16.500000	12.500000	415
16.500000	12.500000	218
16.500000	13.500000	218
16.500000	13.500000	195
16.500000	14.500000	195
16.500000	14.500000	465
16.500000	15.500000	465
16.500000	15.500000	918
16.500000	16.500000	918
16.500000	16.500000	537
16.500000	17.500000	537
16.500000	17.500000	919
16.500000	18.500000	919
16.500000	18.500000	711
16.500000	19.500000	711
16.500000	19.500000	964
16.500000	20.500000	964
16.500000	20.500000	2599
16.500000	21.500000	2599
16.500000	21.500000	1338
16.500000	22.500000	1338
16.500000	22.500000	913
16.500000	23.500000	913
16.500000	23.500000	550
16.500000	24.500000	550
16.500000	24.500000	759
16.500000	25.500000	759
16.500000	25.500000	631
16.500000	26.500000	631
16.500000	26.500000	370
16.500000	27.500000	370
16.500000	27.500000	0
16.500000	28.500000	0
16.500000	28.500000	0
16.500000	29.500000	0
16.500000	29.500000	0
16.500000	30.500000	0

17.500000	0.500000	0
17.500000	0.500000	45
17.500000	1.500000	45
17.500000	1.500000	103
17.500000	2.500000	103
17.500000	2.500000	66
17.500000	3.500000	66
17.500000	3.500000	98
17.500000	4.500000	98
17.500000	4.500000	175
17.500000	5.500000	175
17.500000	5.500000	233
17.500000	6.500000	233
17.500000	6.500000	204
17.500000	7.500000	204
17.500000	7.500000	222
17.500000	8.500000	222
17.500000	8.500000	109
17.500000	9.500000	109
17.500000	9.500000	143
17.500000	10.500000	143
17.500000	10.500000	194
17.500000	11.500000	194
17.500000	11.500000	415
17.500000	12.500000	415
17.500000	12.500000	218
17.500000	13.500000	218
17.500000	13.500000	195
17.500000	14.500000	195
17.500000	14.500000	465
17.500000	15.500000	465
17.500000	15.500000	918
17.500000	16.500000	918
17.500000	16.500000	537
17.500000	17.500000	537
17.500000	17.500000	919
17.500000	18.500000	919
17.500000	18.500000	711
17.500000	19.500000	711
17.500000	19.500000	964
17.500000	20.500000	964
17.500000	20.500000	2599
17.500000	21.500000	2599
17.500000	21.500000	1338
17.500000	22.500000	1338
17.500000	22.500000	913
17.500000	23.500000	913
17.500000	23.500000	550
17.500000	24.500000	550
17.500000	24.500000	759
17.500000	25.500000	759
17.500000	25.500000	631
17.500000	26.500000	631
17.500000	26.500000	370
17.500000	27.500000	370
17.500000	27.500000	0
17.500000	28.500000	0
17.500000	28.500000	0
17.500000	29.500000	0
17.500000	29.500000	0
17.500000	30.500000	0

17.500000	0.500000	0
17.500000	0.500000	52
17.500000	1.500000	52
17.500000	1.500000	4
17.500000	2.500000	4
17.500000	2.500000	50
17.500000	3.500000	50
17.500000	3.500000	94
17.500000	4.500000	94
17.500000	4.500000	79
17.500000	5.500000	79
17.500000	5.500000	79
17.500000	6.500000	79
17.500000	6.500000	127
17.500000	7.500000	127
17.500000	7.500000	159
17.500000	8.500000	159
17.500000	8.500000	164
17.500000	9.500000	164
17.500000	9.500000	226
17.500000	10.500000	226
17.500000	10.500000	198
17.500000	11.500000	198
17.500000	11.500000	281
17.500000	12.500000	281
17.500000	12.500000	252
17.500000	13.500000	252
17.500000	13.500000	267
17.500000	14.500000	267
17.500000	14.500000	623
17.500000	15.500000	623
17.500000	15.500000	606
17.500000	16.500000	606
17.500000	16.500000	1968
17.500000	17.500000	1968
17.500000	17.500000	817
17.500000	18.500000	817
17.500000	18.500000	1085
17.500000	19.500000	1085
17.500000	19.500000	676
17.500000	20.500000	676
17.500000	20.500000	1199
17.500000	21.500000	1199
17.500000	21.500000	1250
17.500000	22.500000	1250
17.500000	22.500000	637
17.500000	23.500000	637
17.500000	23.500000	646
17.500000	24.500000	646
17.500000	24.500000	509
17.500000	25.500000	509
17.500000	25.500000	572
17.500000	26.500000	572
17.500000	26.500000	401
17.500000	27.500000	401
17.500000	27.500000	0
17.500000	28.500000	0
17.500000	28.500000	0
17.500000	29.500000	0
17.500000	29.500000	0
17.500000	30.500000	0

18.500000	0.500000	0
18.500000	0.500000	52
18.500000	1.500000	52
18.500000	1.500000	4
18.500000	2.500000	4
18.500000	2.500000	50
18.500000	3.500000	50
18.500000	3.500000	94
18.500000	4.500000	94
18.500000	4.500000	79
18.500000	5.500000	79
18.500000	5.500000	79
18.500000	6.500000	79
18.500000	6.500000	127
18.500000	7.500000	127
18.500000	7.500000	159
18.500000	8.500000	159
18.500000	8.500000	164
18.500000	9.500000	164
18.500000	9.500000	226
18.500000	10.500000	226
18.500000	10.500000	198
18.500000	11.500000	198
18.500000	11.500000	281
18.500000	12.500000	281
18.500000	12.500000	252
18.500000	13.500000	252
18.500000	13.500000	267
18.500000	14.500000	267
18.500000	14.500000	623
18.500000	15.500000	623
18.500000	15.500000	606
18.500000	16.500000	606
18.500000	16.500000	1968
18.500000	17.500000	1968
18.500000	17.500000	817
18.500000	18.500000	817
18.500000	18.500000	1085
18.500000	19.500000	1085
18.500000	19.500000	676
18.500000	20.500000	676
18.500000	20.500000	1199
18.500000	21.500000	1199
18.500000	21.500000	1250
18.500000	22.500000	1250
18.500000	22.500000	637
18.500000	23.500000	637
18.500000	23.500000	646
18.500000	24.500000	646
18.500000	24.500000	509
18.500000	25.500000	509
18.500000	25.500000	572
18.500000	26.500000	572
18.500000	26.500000	401
18.500000	27.500000	401
18.500000	27.500000	0
18.500000	28.500000	0
18.500000	28.500000	0
18.500000	29.500000	0
18.500000	29.500000	0
18.500000	30.500000	0

18.500000	0.500000	0
18.500000	0.500000	125
18.500000	1.500000	125
18.500000	1.500000	55
18.500000	2.500000	55
18.500000	2.500000	2
18.500000	3.500000	2
18.500000	3.500000	4
18.500000	4.500000	4
18.500000	4.500000	87
18.500000	5.500000	87
18.500000	5.500000	98
18.500000	6.500000	98
18.500000	6.500000	53
18.500000	7.500000	53
18.500000	7.500000	192
18.500000	8.500000	192
18.500000	8.500000	149
18.500000	9.500000	149
18.500000	9.500000	903
18.500000	10.500000	903
18.500000	10.500000	422
18.500000	11.500000	422
18.500000	11.500000	414
18.500000	12.500000	414
18.500000	12.500000	688
18.500000	13.500000	688
18.500000	13.500000	669
18.500000	14.500000	669
18.500000	14.500000	743
18.500000	15.500000	743
18.500000	15.500000	2349
18.500000	16.500000	2349
18.500000	16.500000	967
18.500000	17.500000	967
18.500000	17.500000	1230
18.500000	18.500000	1230
18.500000	18.500000	1500
18.500000	19.500000	1500
18.500000	19.500000	1975
18.500000	20.500000	1975
18.500000	20.500000	2482
18.500000	21.500000	2482
18.500000	21.500000	3543
18.500000	22.500000	3543
18.500000	22.500000	1893
18.500000	23.500000	1893
18.500000	23.500000	947
18.500000	24.500000	947
18.500000	24.500000	831
18.500000	25.500000	831
18.500000	25.500000	584
18.500000	26.500000	584
18.500000	26.500000	1222
18.500000	27.500000	1222
18.500000	27.500000	103
18.500000	28.500000	103
18.500000	28.500000	0
18.500000	29.500000	0
18.500000	29.500000	0
18.500000	30.500000	0

19.500000	0.500000	0
19.500000	0.500000	125
19.500000	1.500000	125
19.500000	1.500000	55
19.500000	2.500000	55
19.500000	2.500000	2
19.500000	3.500000	2
19.500000	3.500000	4
19.500000	4.500000	4
19.500000	4.500000	87
19.500000	5.500000	87
19.500000	5.500000	98
19.500000	6.500000	98
19.500000	6.500000	53
19.500000	7.500000	53
19.500000	7.500000	192
19.500000	8.500000	192
19.500000	8.500000	149
19.500000	9.500000	149
19.500000	9.500000	903
19.500000	10.500000	903
19.500000	10.500000	422
19.500000	11.500000	422
19.500000	11.500000	414
19.500000	12.500000	414
19.500000	12.500000	688
19.500000	13.500000	688
19.500000	13.500000	669
19.500000	14.500000	669
19.500000	14.500000	743
19.500000	15.500000	743
19.500000	15.500000	2349
19.500000	16.500000	2349
19.500000	16.500000	967
19.500000	17.500000	967
19.500000	17.500000	1230
19.500000	18.500000	1230
19.500000	18.500000	1500
19.500000	19.500000	1500
19.500000	19.500000	1975
19.500000	20.500000	1975
19.500000	20.500000	2482
19.500000	21.500000	2482
19.500000	21.500000	3543
19.500000	22.500000	3543
19.500000	22.500000	1893
19.500000	23.500000	1893
19.500000	23.500000	947
19.500000	24.500000	947
19.500000	24.500000	831
19.500000	25.500000	831
19.500000	25.500000	584
19.500000	26.500000	584
19.500000	26.500000	1222
19.500000	27.500000	1222
19.500000	27.500000	103
19.500000	28.500000	103
19.500000	28.500000	0
19.500000	29.500000	0
19.500000	29.500000	0
19.500000	30.500000	0

19.500000	0.500000	0
19.500000	0.500000	141
19.500000	1.500000	141
19.500000	1.500000	146
19.500000	2.500000	146
19.500000	2.500000	26
19.500000	3.500000	26
19.500000	3.500000	12
19.500000	4.500000	12
19.500000	4.500000	66
19.500000	5.500000	66
19.500000	5.500000	111
19.500000	6.500000	111
19.500000	6.500000	106
19.500000	7.500000	106
19.500000	7.500000	148
19.500000	8.500000	148
19.500000	8.500000	241
19.500000	9.500000	241
19.500000	9.500000	117
19.500000	10.500000	117
19.500000	10.500000	395
19.500000	11.500000	395
19.500000	11.500000	594
19.500000	12.500000	594
19.500000	12.500000	1297
19.500000	13.500000	1297
19.500000	13.500000	694
19.500000	14.500000	694
19.500000	14.500000	974
19.500000	15.500000	974
19.500000	15.500000	1082
19.500000	16.500000	1082
19.500000	16.500000	910
19.500000	17.500000	910
19.500000	17.500000	820
19.500000	18.500000	820
19.500000	18.500000	2253
19.500000	19.500000	2253
19.500000	19.500000	2484
19.500000	20.500000	2484
19.500000	20.500000	2404
19.500000	21.500000	2404
19.500000	21.500000	2129
19.500000	22.500000	2129
19.500000	22.500000	1666
19.500000	23.500000	1666
19.500000	23.500000	452
19.500000	24.500000	452
19.500000	24.500000	396
19.500000	25.500000	396
19.500000	25.500000	696
19.500000	26.500000	696
19.500000	26.500000	1100
19.500000	27.500000	1100
19.500000	27.500000	1464
19.500000	28.500000	1464
19.500000	28.500000	0
19.500000	29.500000	0
19.500000	29.500000	0
19.500000	30.500000	0

20.500000	0.500000	0
20.500000	0.500000	141
20.500000	1.500000	141
20.500000	1.500000	146
20.500000	2.500000	146
20.500000	2.500000	26
20.500000	3.500000	26
20.500000	3.500000	12
20.500000	4.500000	12
20.500000	4.500000	66
20.500000	5.500000	66
20.500000	5.500000	111
20.500000	6.500000	111
20.500000	6.500000	106
20.500000	7.500000	106
20.500000	7.500000	148
20.500000	8.500000	148
20.500000	8.500000	241
20.500000	9.500000	241
20.500000	9.500000	117
20.500000	10.500000	117
20.500000	10.500000	395
20.500000	11.500000	395
20.500000	11.500000	594
20.500000	12.500000	594
20.500000	12.500000	1297
20.500000	13.500000	1297
20.500000	13.500000	694
20.500000	14.500000	694
20.500000	14.500000	974
20.500000	15.500000	974
20.500000	15.500000	1082
20.500000	16.500000	1082
20.500000	16.500000	910
20.500000	17.500000	910
20.500000	17.500000	820
20.500000	18.500000	820
20.500000	18.500000	2253
20.500000	19.500000	2253
20.500000	19.500000	2484
20.500000	20.500000	2484
20.500000	20.500000	2404
20.500000	21.500000	2404
20.500000	21.500000	2129
20.500000	22.500000	2129
20.500000	22.500000	1666
20.500000	23.500000	1666
20.500000	23.500000	452
20.500000	24.500000	452
20.500000	24.500000	396
20.500000	25.500000	396
20.500000	25.500000	696
20.500000	26.500000	696
20.500000	26.500000	1100
20.500000	27.500000	1100
20.500000	27.500000	1464
20.500000	28.500000	1464
20.500000	28.500000	0
20.500000	29.500000	0
20.500000	29.500000	0
20.500000	30.500000	0

20.500000	0.500000	0
20.500000	0.500000	101
20.500000	1.500000	101
20.500000	1.500000	177
20.500000	2.500000	177
20.500000	2.500000	33
20.500000	3.500000	33
20.500000	3.500000	37
20.500000	4.500000	37
20.500000	4.500000	28
20.500000	5.500000	28
20.500000	5.500000	101
20.500000	6.500000	101
20.500000	6.500000	75
20.500000	7.500000	75
20.500000	7.500000	144
20.500000	8.500000	144
20.500000	8.500000	182
20.500000	9.500000	182
20.500000	9.500000	78
20.500000	10.500000	78
20.500000	10.500000	289
20.500000	11.500000	289
20.500000	11.500000	297
20.500000	12.500000	297
20.500000	12.500000	438
20.500000	13.500000	438
20.500000	13.500000	466
20.500000	14.500000	466
20.500000	14.500000	652
20.500000	15.500000	652
20.500000	15.500000	621
20.500000	16.500000	621
20.500000	16.500000	667
20.500000	17.500000	667
20.500000	17.500000	2450
20.500000	18.500000	2450
20.500000	18.500000	2181
20.500000	19.500000	2181
20.500000	19.500000	2227
20.500000	20.500000	2227
20.500000	20.500000	3072
20.500000	21.500000	3072
20.500000	21.500000	2818
20.500000	22.500000	2818
20.500000	22.500000	1321
20.500000	23.500000	1321
20.500000	23.500000	517
20.500000	24.500000	517
20.500000	24.500000	401
20.500000	25.500000	401
20.500000	25.500000	425
20.500000	26.500000	425
20.500000	26.500000	1629
20.500000	27.500000	1629
20.500000	27.500000	518
20.500000	28.500000	518
20.500000	28.500000	0
20.500000	29.500000	0
20.500000	29.500000	0
20.500000	30.500000	0

21.500000	0.500000	0
21.500000	0.500000	101
21.500000	1.500000	101
21.500000	1.500000	177
21.500000	2.500000	177
21.500000	2.500000	33
21.500000	3.500000	33
21.500000	3.500000	37
21.500000	4.500000	37
21.500000	4.500000	28
21.500000	5.500000	28
21.500000	5.500000	101
21.500000	6.500000	101
21.500000	6.500000	75
21.500000	7.500000	75
21.500000	7.500000	144
21.500000	8.500000	144
21.500000	8.500000	182
21.500000	9.500000	182
21.500000	9.500000	78
21.500000	10.500000	78
21.500000	10.500000	289
21.500000	11.500000	289
21.500000	11.500000	297
21.500000	12.500000	297
21.500000	12.500000	438
21.500000	13.500000	438
21.500000	13.500000	466
21.500000	14.500000	466
21.500000	14.500000	652
21.500000	15.500000	652
21.500000	15.500000	621
21.500000	16.500000	621
21.500000	16.500000	667
21.500000	17.500000	667
21.500000	17.500000	2450
21.500000	18.500000	2450
21.500000	18.500000	2181
21.500000	19.500000	2181
21.500000	19.500000	2227
21.500000	20.500000	2227
21.500000	20.500000	3072
21.500000	21.500000	3072
21.500000	21.500000	2818
21.500000	22.500000	2818
21.500000	22.500000	1321
21.500000	23.500000	1321
21.500000	23.500000	517
21.500000	24.500000	517
21.500000	24.500000	401
21.500000	25.500000	401
21.500000	25.500000	425
21.500000	26.500000	425
21.500000	26.500000	1629
21.500000	27.500000	1629
21.500000	27.500000	518
21.500000	28.500000	518
21.500000	28.500000	0
21.500000	29.500000	0
21.500000	29.500000	0
21.500000	30.500000	0

21.500000	0.500000	0
21.500000	0.500000	86
21.500000	1.500000	86
21.500000	1.500000	153
21.500000	2.500000	153
21.500000	2.500000	86
21.500000	3.500000	86
21.500000	3.500000	127
21.500000	4.500000	127
21.500000	4.500000	121
21.500000	5.500000	121
21.500000	5.500000	198
21.500000	6.500000	198
21.500000	6.500000	287
21.500000	7.500000	287
21.500000	7.500000	48
21.500000	8.500000	48
21.500000	8.500000	153
21.500000	9.500000	153
21.500000	9.500000	225
21.500000	10.500000	225
21.500000	10.500000	184
21.500000	11.500000	184
21.500000	11.500000	217
21.500000	12.500000	217
21.500000	12.500000	393
21.500000	13.500000	393
21.500000	13.500000	1114
21.500000	14.500000	1114
21.500000	14.500000	231
21.500000	15.500000	231
21.500000	15.500000	1396
21.500000	16.500000	1396
21.500000	16.500000	1003
21.500000	17.500000	1003
21.500000	17.500000	940
21.500000	18.500000	940
21.500000	18.500000	1151
21.500000	19.500000	1151
21.500000	19.500000	2240
21.500000	20.500000	2240
21.500000	20.500000	9103
21.500000	21.500000	9103
21.500000	21.500000	11966
21.500000	22.500000	11966
21.500000	22.500000	2791
21.500000	23.500000	2791
21.500000	23.500000	1137
21.500000	24.500000	1137
21.500000	24.500000	1710
21.500000	25.500000	1710
21.500000	25.500000	428
21.500000	26.500000	428
21.500000	26.500000	1901
21.500000	27.500000	1901
21.500000	27.500000	388
21.500000	28.500000	388
21.500000	28.500000	0
21.500000	29.500000	0
21.500000	29.500000	0
21.500000	30.500000	0

22.500000	0.500000	0
22.500000	0.500000	86
22.500000	1.500000	86
22.500000	1.500000	153
22.500000	2.500000	153
22.500000	2.500000	86
22.500000	3.500000	86
22.500000	3.500000	127
22.500000	4.500000	127
22.500000	4.500000	121
22.500000	5.500000	121
22.500000	5.500000	198
22.500000	6.500000	198
22.500000	6.500000	287
22.500000	7.500000	287
22.500000	7.500000	48
22.500000	8.500000	48
22.500000	8.500000	153
22.500000	9.500000	153
22.500000	9.500000	225
22.500000	10.500000	225
22.500000	10.500000	184
22.500000	11.500000	184
22.500000	11.500000	217
22.500000	12.500000	217
22.500000	12.500000	393
22.500000	13.500000	393
22.500000	13.500000	1114
22.500000	14.500000	1114
22.500000	14.500000	231
22.500000	15.500000	231
22.500000	15.500000	1396
22.500000	16.500000	1396
22.500000	16.500000	1003
22.500000	17.500000	1003
22.500000	17.500000	940
22.500000	18.500000	940
22.500000	18.500000	1151
22.500000	19.500000	1151
22.500000	19.500000	2240
22.500000	20.500000	2240
22.500000	20.500000	9103
22.500000	21.500000	9103
22.500000	21.500000	11966
22.500000	22.500000	11966
22.500000	22.500000	2791
22.500000	23.500000	2791
22.500000	23.500000	1137
22.500000	24.500000	1137
22.500000	24.500000	1710
22.500000	25.500000	1710
22.500000	25.500000	428
22.500000	26.500000	428
22.500000	26.500000	1901
22.500000	27.500000	1901
22.500000	27.500000	388
22.500000	28.500000	388
22.500000	28.500000	0
22.500000	29.500000	0
22.500000	29.500000	0
22.500000	30.500000	0

22.500000	0.500000	0
22.500000	0.500000	87
22.500000	1.500000	87
22.500000	1.500000	166
22.500000	2.500000	166
22.500000	2.500000	109
22.500000	3.500000	109
22.500000	3.500000	153
22.500000	4.500000	153
22.500000	4.500000	186
22.500000	5.500000	186
22.500000	5.500000	229
22.500000	6.500000	229
22.500000	6.500000	221
22.500000	7.500000	221
22.500000	7.500000	159
22.500000	8.500000	159
22.500000	8.500000	166
22.500000	9.500000	166
22.500000	9.500000	148
22.500000	10.500000	148
22.500000	10.500000	162
22.500000	11.500000	162
22.500000	11.500000	243
22.500000	12.500000	243
22.500000	12.500000	420
22.500000	13.500000	420
22.500000	13.500000	297
22.500000	14.500000	297
22.500000	14.500000	338
22.500000	15.500000	338
22.500000	15.500000	480
22.500000	16.500000	480
22.500000	16.500000	454
22.500000	17.500000	454
22.500000	17.500000	465
22.500000	18.500000	465
22.500000	18.500000	8894
22.500000	19.500000	8894
22.500000	19.500000	1476
22.500000	20.500000	1476
22.500000	20.500000	2107
22.500000	21.500000	2107
22.500000	21.500000	2564
22.500000	22.500000	2564
22.500000	22.500000	1987
22.500000	23.500000	1987
22.500000	23.500000	1812
22.500000	24.500000	1812
22.500000	24.500000	1129
22.500000	25.500000	1129
22.500000	25.500000	719
22.500000	26.500000	719
22.500000	26.500000	555
22.500000	27.500000	555
22.500000	27.500000	0
22.500000	28.500000	0
22.500000	28.500000	0
22.500000	29.500000	0
22.500000	29.500000	0
22.500000	30.500000	0

23.500000	0.500000	0
23.500000	0.500000	87
23.500000	1.500000	87
23.500000	1.500000	166
23.500000	2.500000	166
23.500000	2.500000	109
23.500000	3.500000	109
23.500000	3.500000	153
23.500000	4.500000	153
23.500000	4.500000	186
23.500000	5.500000	186
23.500000	5.500000	229
23.500000	6.500000	229
23.500000	6.500000	221
23.500000	7.500000	221
23.500000	7.500000	159
23.500000	8.500000	159
23.500000	8.500000	166
23.500000	9.500000	166
23.500000	9.500000	148
23.500000	10.500000	148
23.500000	10.500000	162
23.500000	11.500000	162
23.500000	11.500000	243
23.500000	12.500000	243
23.500000	12.500000	420
23.500000	13.500000	420
23.500000	13.500000	297
23.500000	14.500000	297
23.500000	14.500000	338
23.500000	15.500000	338
23.500000	15.500000	480
23.500000	16.500000	480
23.500000	16.500000	454
23.500000	17.500000	454
23.500000	17.500000	465
23.500000	18.500000	465
23.500000	18.500000	8894
23.500000	19.500000	8894
23.500000	19.500000	1476
23.500000	20.500000	1476
23.500000	20.500000	2107
23.500000	21.500000	2107
23.500000	21.500000	2564
23.500000	22.500000	2564
23.500000	22.500000	1987
23.500000	23.500000	1987
23.500000	23.500000	1812
23.500000	24.500000	1812
23.500000	24.500000	1129
23.500000	25.500000	1129
23.500000	25.500000	719
23.500000	26.500000	719
23.500000	26.500000	555
23.500000	27.500000	555
23.500000	27.500000	0
23.500000	28.500000	0
23.500000	28.500000	0
23.500000	29.500000	0
23.500000	29.500000	0
23.500000	30.500000	0

23.500000	0.500000	0
23.500000	0.500000	39
23.500000	1.500000	39
23.500000	1.500000	40
23.500000	2.500000	40
23.500000	2.500000	89
23.500000	3.500000	89
23.500000	3.500000	212
23.500000	4.500000	212
23.500000	4.500000	60
23.500000	5.500000	60
23.500000	5.500000	80
23.500000	6.500000	80
23.500000	6.500000	329
23.500000	7.500000	329
23.500000	7.500000	125
23.500000	8.500000	125
23.500000	8.500000	109
23.500000	9.500000	109
23.500000	9.500000	121
23.500000	10.500000	121
23.500000	10.500000	41
23.500000	11.500000	41
23.500000	11.500000	206
23.500000	12.500000	206
23.500000	12.500000	389
23.500000	13.500000	389
23.500000	13.500000	263
23.500000	14.500000	263
23.500000	14.500000	314
23.500000	15.500000	314
23.500000	15.500000	381
23.500000	16.500000	381
23.500000	16.500000	126
23.500000	17.500000	126
23.500000	17.500000	135
23.500000	18.500000	135
23.500000	18.500000	984
23.500000	19.500000	984
23.500000	19.500000	1575
23.500000	20.500000	1575
23.500000	20.500000	2085
23.500000	21.500000	2085
23.500000	21.500000	1784
23.500000	22.500000	1784
23.500000	22.500000	1174
23.500000	23.500000	1174
23.500000	23.500000	1415
23.500000	24.500000	1415
23.500000	24.500000	1044
23.500000	25.500000	1044
23.500000	25.500000	101
23.500000	26.500000	101
23.500000	26.500000	0
23.500000	27.500000	0
23.500000	27.500000	0
23.500000	28.500000	0
23.500000	28.500000	0
23.500000	29.500000	0
23.500000	29.500000	0
23.500000	30.500000	0

24.500000	0.500000	0
24.500000	0.500000	39
24.500000	1.500000	39
24.500000	1.500000	40
24.500000	2.500000	40
24.500000	2.500000	89
24.500000	3.500000	89
24.500000	3.500000	212
24.500000	4.500000	212
24.500000	4.500000	60
24.500000	5.500000	60
24.500000	5.500000	80
24.500000	6.500000	80
24.500000	6.500000	329
24.500000	7.500000	329
24.500000	7.500000	125
24.500000	8.500000	125
24.500000	8.500000	109
24.500000	9.500000	109
24.500000	9.500000	121
24.500000	10.500000	121
24.500000	10.500000	41
24.500000	11.500000	41
24.500000	11.500000	206
24.500000	12.500000	206
24.500000	12.500000	389
24.500000	13.500000	389
24.500000	13.500000	263
24.500000	14.500000	263
24.500000	14.500000	314
24.500000	15.500000	314
24.500000	15.500000	381
24.500000	16.500000	381
24.500000	16.500000	126
24.500000	17.500000	126
24.500000	17.500000	135
24.500000	18.500000	135
24.500000	18.500000	984
24.500000	19.500000	984
24.500000	19.500000	1575
24.500000	20.500000	1575
24.500000	20.500000	2085
24.500000	21.500000	2085
24.500000	21.500000	1784
24.500000	22.500000	1784
24.500000	22.500000	1174
24.500000	23.500000	1174
24.500000	23.500000	1415
24.500000	24.500000	1415
24.500000	24.500000	1044
24.500000	25.500000	1044
24.500000	25.500000	101
24.500000	26.500000	101
24.500000	26.500000	0
24.500000	27.500000	0
24.500000	27.500000	0
24.500000	28.500000	0
24.500000	28.500000	0
24.500000	29.500000	0
24.500000	29.500000	0
24.500000	30.500000	0

24.500000	0.500000	0
24.500000	0.500000	30
24.500000	1.500000	30
24.500000	1.500000	0
24.500000	2.500000	0
24.500000	2.500000	66
24.500000	3.500000	66
24.500000	3.500000	232
24.500000	4.500000	232
24.500000	4.500000	162
24.500000	5.500000	162
24.500000	5.500000	224
24.500000	6.500000	224
24.500000	6.500000	298
24.500000	7.500000	298
24.500000	7.500000	479
24.500000	8.500000	479
24.500000	8.500000	112
24.500000	9.500000	112
24.500000	9.500000	11
24.500000	10.500000	11
24.500000	10.500000	30
24.500000	11.500000	30
24.500000	11.500000	97
24.500000	12.500000	97
24.500000	12.500000	362
24.500000	13.500000	362
24.500000	13.500000	271
24.500000	14.500000	271
24.500000	14.500000	365
24.500000	15.500000	365
24.500000	15.500000	204
24.500000	16.500000	204
24.500000	16.500000	21
24.500000	17.500000	21
24.500000	17.500000	36
24.500000	18.500000	36
24.500000	18.500000	537
24.500000	19.500000	537
24.500000	19.500000	1109
24.500000	20.500000	1109
24.500000	20.500000	974
24.500000	21.500000	974
24.500000	21.500000	874
24.500000	22.500000	874
24.500000	22.500000	1019
24.500000	23.500000	1019
24.500000	23.500000	1297
24.500000	24.500000	1297
24.500000	24.500000	1
24.500000	25.500000	1
24.500000	25.500000	0
24.500000	26.500000	0
24.500000	26.500000	0
24.500000	27.500000	0
24.500000	27.500000	0
24.500000	28.500000	0
24.500000	28.500000	0
24.500000	29.500000	0
24.500000	29.500000	0
24.500000	30.500000	0

25.500000	0.500000	0
25.500000	0.500000	30
25.500000	1.500000	30
25.500000	1.500000	0
25.500000	2.500000	0
25.500000	2.500000	66
25.500000	3.500000	66
25.500000	3.500000	232
25.500000	4.500000	232
25.500000	4.500000	162
25.500000	5.500000	162
25.500000	5.500000	224
25.500000	6.500000	224
25.500000	6.500000	298
25.500000	7.500000	298
25.500000	7.500000	479
25.500000	8.500000	479
25.500000	8.500000	112
25.500000	9.500000	112
25.500000	9.500000	11
25.500000	10.500000	11
25.500000	10.500000	30
25.500000	11.500000	30
25.500000	11.500000	97
25.500000	12.500000	97
25.500000	12.500000	362
25.500000	13.500000	362
25.500000	13.500000	271
25.500000	14.500000	271
25.500000	14.500000	365
25.500000	15.500000	365
25.500000	15.500000	204
25.500000	16.500000	204
25.500000	16.500000	21
25.500000	17.500000	21
25.500000	17.500000	36
25.500000	18.500000	36
25.500000	18.500000	537
25.500000	19.500000	537
25.500000	19.500000	1109
25.500000	20.500000	1109
25.500000	20.500000	974
25.500000	21.500000	974
25.500000	21.500000	874
25.500000	22.500000	874
25.500000	22.500000	1019
25.500000	23.500000	1019
25.500000	23.500000	1297
25.500000	24.500000	1297
25.500000	24.500000	1
25.500000	25.500000	1
25.500000	25.500000	0
25.500000	26.500000	0
25.500000	26.500000	0
25.500000	27.500000	0
25.500000	27.500000	0
25.500000	28.500000	0
25.500000	28.500000	0
25.500000	29.500000	0
25.500000	29.500000	0
25.500000	30.500000	0

25.500000	0.500000	0
25.500000	0.500000	12
25.500000	1.500000	12
25.500000	1.500000	132
25.500000	2.500000	132
25.500000	2.500000	108
25.500000	3.500000	108
25.500000	3.500000	133
25.500000	4.500000	133
25.500000	4.500000	93
25.500000	5.500000	93
25.500000	5.500000	187
25.500000	6.500000	187
25.500000	6.500000	187
25.500000	7.500000	187
25.500000	7.500000	191
25.500000	8.500000	191
25.500000	8.500000	253
25.500000	9.500000	253
25.500000	9.500000	210
25.500000	10.500000	210
25.500000	10.500000	44
25.500000	11.500000	44
25.500000	11.500000	82
25.500000	12.500000	82
25.500000	12.500000	114
25.500000	13.500000	114
25.500000	13.500000	187
25.500000	14.500000	187
25.500000	14.500000	147
25.500000	15.500000	147
25.500000	15.500000	411
25.500000	16.500000	411
25.500000	16.500000	111
25.500000	17.500000	111
25.500000	17.500000	114
25.500000	18.500000	114
25.500000	18.500000	40
25.500000	19.500000	40
25.500000	19.500000	106
25.500000	20.500000	106
25.500000	20.500000	185
25.500000	21.500000	185
25.500000	21.500000	445
25.500000	22.500000	445
25.500000	22.500000	792
25.500000	23.500000	792
25.500000	23.500000	0
25.500000	24.500000	0
25.500000	24.500000	0
25.500000	25.500000	0
25.500000	25.500000	0
25.500000	26.500000	0
25.500000	26.500000	0
25.500000	27.500000	0
25.500000	27.500000	0
25.500000	28.500000	0
25.500000	28.500000	0
25.500000	29.500000	0
25.500000	29.500000	0
25.500000	30.500000	0

26.500000	0.500000	0
26.500000	0.500000	12
26.500000	1.500000	12
26.500000	1.500000	132
26.500000	2.500000	132
26.500000	2.500000	108
26.500000	3.500000	108
26.500000	3.500000	133
26.500000	4.500000	133
26.500000	4.500000	93
26.500000	5.500000	93
26.500000	5.500000	187
26.500000	6.500000	187
26.500000	6.500000	187
26.500000	7.500000	187
26.500000	7.500000	191
26.500000	8.500000	191
26.500000	8.500000	253
26.500000	9.500000	253
26.500000	9.500000	210
26.500000	10.500000	210
26.500000	10.500000	44
26.500000	11.500000	44
26.500000	11.500000	82
26.500000	12.500000	82
26.500000	12.500000	114
26.500000	13.500000	114
26.500000	13.500000	187
26.500000	14.500000	187
26.500000	14.500000	147
26.500000	15.500000	147
26.500000	15.500000	411
26.500000	16.500000	411
26.500000	16.500000	111
26.500000	17.500000	111
26.500000	17.500000	114
26.500000	18.500000	114
26.500000	18.500000	40
26.500000	19.500000	40
26.500000	19.500000	106
26.500000	20.500000	106
26.500000	20.500000	185
26.500000	21.500000	185
26.500000	21.500000	445
26.500000	22.500000	445
26.500000	22.500000	792
26.500000	23.500000	792
26.500000	23.500000	0
26.500000	24.500000	0
26.500000	24.500000	0
26.500000	25.500000	0
26.500000	25.500000	0
26.500000	26.500000	0
26.500000	26.500000	0
26.500000	27.500000	0
26.500000	27.500000	0
26.500000	28.500000	0
26.500000	28.500000	0
26.500000	29.500000	0
26.500000	29.500000	0
26.500000	30.500000	0

26.500000	0.500000	0
26.500000	0.500000	2
26.500000	1.500000	2
26.500000	1.500000	9
26.500000	2.500000	9
26.500000	2.500000	1
26.500000	3.500000	1
26.500000	3.500000	19
26.500000	4.500000	19
26.500000	4.500000	56
26.500000	5.500000	56
26.500000	5.500000	166
26.500000	6.500000	166
26.500000	6.500000	133
26.500000	7.500000	133
26.500000	7.500000	140
26.500000	8.500000	140
26.500000	8.500000	151
26.500000	9.500000	151
26.500000	9.500000	21
26.500000	10.500000	21
26.500000	10.500000	13
26.500000	11.500000	13
26.500000	11.500000	21
26.500000	12.500000	21
26.500000	12.500000	14
26.500000	13.500000	14
26.500000	13.500000	1
26.500000	14.500000	1
26.500000	14.500000	6
26.500000	15.500000	6
26.500000	15.500000	0
26.500000	16.500000	0
26.500000	16.500000	0
26.500000	17.500000	0
26.500000	17.500000	0
26.500000	18.500000	0
26.500000	18.500000	0
26.500000	19.500000	0
26.500000	19.500000	0
26.500000	20.500000	0
26.500000	20.500000	0
26.500000	21.500000	0
26.500000	21.500000	0
26.500000	22.500000	0
26.500000	22.500000	0
26.500000	23.500000	0
26.500000	23.500000	0
26.500000	24.500000	0
26.500000	24.500000	0
26.500000	25.500000	0
26.500000	25.500000	0
26.500000	26.500000	0
26.500000	26.500000	0
26.500000	27.500000	0
26.500000	27.500000	0
26.500000	28.500000	0
26.500000	28.500000	0
26.500000	29.500000	0
26.500000	29.500000	0
26.500000	30.500000	0

27.500000	0.500000	0
27.500000	0.500000	2
27.500000	1.500000	2
27.500000	1.500000	9
27.500000	2.500000	9
27.500000	2.500000	1
27.500000	3.500000	1
27.500000	3.500000	19
27.500000	4.500000	19
27.500000	4.500000	56
27.500000	5.500000	56
27.500000	5.500000	166
27.500000	6.500000	166
27.500000	6.500000	133
27.500000	7.500000	133
27.500000	7.500000	140
27.500000	8.500000	140
27.500000	8.500000	151
27.500000	9.500000	151
27.500000	9.500000	21
27.500000	10.500000	21
27.500000	10.500000	13
27.500000	11.500000	13
27.500000	11.500000	21
27.500000	12.500000	21
27.500000	12.500000	14
27.500000	13.500000	14
27.500000	13.500000	1
27.500000	14.500000	1
27.500000	14.500000	6
27.500000	15.500000	6
27.500000	15.500000	0
27.500000	16.500000	0
27.500000	16.500000	0
27.500000	17.500000	0
27.500000	17.500000	0
27.500000	18.500000	0
27.500000	18.500000	0
27.500000	19.500000	0
27.500000	19.500000	0
27.500000	20.500000	0
27.500000	20.500000	0
27.500000	21.500000	0
27.500000	21.500000	0
27.500000	22.500000	0
27.500000	22.500000	0
27.500000	23.500000	0
27.500000	23.500000	0
27.500000	24.500000	0
27.500000	24.500000	0
27.500000	25.500000	0
27.500000	25.500000	0
27.500000	26.500000	0
27.500000	26.500000	0
27.500000	27.500000	0
27.500000	27.500000	0
27.500000	28.500000	0
27.500000	28.500000	0
27.500000	29.500000	0
27.500000	29.500000	0
27.500000	30.500000	0

27.500000	0.500000	0
27.500000	0.500000	0
27.500000	1.500000	0
27.500000	1.500000	0
27.500000	2.500000	0
27.500000	2.500000	0
27.500000	3.500000	0
27.500000	3.500000	0
27.500000	4.500000	0
27.500000	4.500000	17
27.500000	5.500000	17
27.500000	5.500000	51
27.500000	6.500000	51
27.500000	6.500000	132
27.500000	7.500000	132
27.500000	7.500000	59
27.500000	8.500000	59
27.500000	8.500000	66
27.500000	9.500000	66
27.500000	9.500000	0
27.500000	10.500000	0
27.500000	10.500000	0
27.500000	11.500000	0
27.500000	11.500000	0
27.500000	12.500000	0
27.500000	12.500000	0
27.500000	13.500000	0
27.500000	13.500000	0
27.500000	14.500000	0
27.500000	14.500000	0
27.500000	15.500000	0
27.500000	15.500000	0
27.500000	16.500000	0
27.500000	16.500000	0
27.500000	17.500000	0
27.500000	17.500000	0
27.500000	18.500000	0
27.500000	18.500000	0
27.500000	19.500000	0
27.500000	19.500000	0
27.500000	20.500000	0
27.500000	20.500000	0
27.500000	21.500000	0
27.500000	21.500000	0
27.500000	22.500000	0
27.500000	22.500000	0
27.500000	23.500000	0
27.500000	23.500000	0
27.500000	24.500000	0
27.500000	24.500000	0
27.500000	25.500000	0
27.500000	25.500000	0
27.500000	26.500000	0
27.500000	26.500000	0
27.500000	27.500000	0
27.500000	27.500000	0
27.500000	28.500000	0
27.500000	28.500000	0
27.500000	29.500000	0
27.500000	29.500000	0
27.500000	30.500000	0

28.500000	0.500000	0
28.500000	0.500000	0
28.500000	1.500000	0
28.500000	1.500000	0
28.500000	2.500000	0
28.500000	2.500000	0
28.500000	3.500000	0
28.500000	3.500000	0
28.500000	4.500000	0
28.500000	4.500000	17
28.500000	5.500000	17
28.500000	5.500000	51
28.500000	6.500000	51
28.500000	6.500000	132
28.500000	7.500000	132
28.500000	7.500000	59
28.500000	8.500000	59
28.500000	8.500000	66
28.500000	9.500000	66
28.500000	9.500000	0
28.500000	10.500000	0
28.500000	10.500000	0
28.500000	11.500000	0
28.500000	11.500000	0
28.500000	12.500000	0
28.500000	12.500000	0
28.500000	13.500000	0
28.500000	13.500000	0
28.500000	14.500000	0
28.500000	14.500000	0
28.500000	15.500000	0
28.500000	15.500000	0
28.500000	16.500000	0
28.500000	16.500000	0
28.500000	17.500000	0
28.500000	17.500000	0
28.500000	18.500000	0
28.500000	18.500000	0
28.500000	19.500000	0
28.500000	19.500000	0
28.500000	20.500000	0
28.500000	20.500000	0
28.500000	21.500000	0
28.500000	21.500000	0
28.500000	22.500000	0
28.500000	22.500000	0
28.500000	23.500000	0
28.500000	23.500000	0
28.500000	24.500000	0
28.500000	24.500000	0
28.500000	25.500000	0
28.500000	25.500000	0
28.500000	26.500000	0
28.500000	26.500000	0
28.500000	27.500000	0
28.500000	27.500000	0
28.500000	28.500000	0
28.500000	28.500000	0
28.500000	29.500000	0
28.500000	29.500000	0
28.500000	30.500000	0

28.500000	0.500000	0
28.500000	0.500000	0
28.500000	1.500000	0
28.500000	1.500000	0
28.500000	2.500000	0
28.500000	2.500000	0
28.500000	3.500000	0
28.500000	3.500000	0
28.500000	4.500000	0
28.500000	4.500000	0
28.500000	5.500000	0
28.500000	5.500000	86
28.500000	6.500000	86
28.500000	6.500000	37
28.500000	7.500000	37
28.500000	7.500000	0
28.500000	8.500000	0
28.500000	8.500000	0
28.500000	9.500000	0
28.500000	9.500000	0
28.500000	10.500000	0
28.500000	10.500000	0
28.500000	11.500000	0
28.500000	11.500000	0
28.500000	12.500000	0
28.500000	12.500000	0
28.500000	13.500000	0
28.500000	13.500000	0
28.500000	14.500000	0
28.500000	14.500000	0
28.500000	15.500000	0
28.500000	15.500000	0
28.500000	16.500000	0
28.500000	16.500000	0
28.500000	17.500000	0
28.500000	17.500000	0
28.500000	18.500000	0
28.500000	18.500000	0
28.500000	19.500000	0
28.500000	19.500000	0
28.500000	20.500000	0
28.500000	20.500000	0
28.500000	21.500000	0
28.500000	21.500000	0
28.500000	22.500000	0
28.500000	22.500000	0
28.500000	23.500000	0
28.500000	23.500000	0
28.500000	24.500000	0
28.500000	24.500000	0
28.500000	25.500000	0
28.500000	25.500000	0
28.500000	26.500000	0
28.500000	26.500000	0
28.500000	27.500000	0
28.500000	27.500000	0
28.500000	28.500000	0
28.500000	28.500000	2
28.500000	29.500000	2
28.500000	29.500000	265
28.500000	30.500000	265

29.500000	0.500000	0
29.500000	0.500000	0
29.500000	1.500000	0
29.500000	1.500000	0
29.500000	2.500000	0
29.500000	2.500000	0
29.500000	3.500000	0
29.500000	3.500000	0
29.500000	4.500000	0
29.500000	4.500000	0
29.500000	5.500000	0
29.500000	5.500000	86
29.500000	6.500000	86
29.500000	6.500000	37
29.500000	7.500000	37
29.500000	7.500000	0
29.500000	8.500000	0
29.500000	8.500000	0
29.500000	9.500000	0
29.500000	9.500000	0
29.500000	10.500000	0
29.500000	10.500000	0
29.500000	11.500000	0
29.500000	11.500000	0
29.500000	12.500000	0
29.500000	12.500000	0
29.500000	13.500000	0
29.500000	13.500000	0
29.500000	14.500000	0
29.500000	14.500000	0
29.500000	15.500000	0
29.500000	15.500000	0
29.500000	16.500000	0
29.500000	16.500000	0
29.500000	17.500000	0
29.500000	17.500000	0
29.500000	18.500000	0
29.500000	18.500000	0
29.500000	19.500000	0
29.500000	19.500000	0
29.500000	20.500000	0
29.500000	20.500000	0
29.500000	21.500000	0
29.500000	21.500000	0
29.500000	22.500000	0
29.500000	22.500000	0
29.500000	23.500000	0
29.500000	23.500000	0
29.500000	24.500000	0
29.500000	24.500000	0
29.500000	25.500000	0
29.500000	25.500000	0
29.500000	26.500000	0
29.500000	26.500000	0
29.500000	27.500000	0
29.500000	27.500000	0
29.500000	28.500000	0
29.500000	28.500000	2
29.500000	29.500000	2
29.500000	29.500000	265
29.500000	30.500000	265

29.500000	0.500000	0
29.500000	0.500000	0
29.500000	1.500000	0
29.500000	1.500000	0
29.500000	2.500000	0
29.500000	2.500000	0
29.500000	3.500000	0
29.500000	3.500000	0
29.500000	4.500000	0
29.500000	4.500000	7
29.500000	5.500000	7
29.500000	5.500000	0
29.500000	6.500000	0
29.500000	6.500000	0
29.500000	7.500000	0
29.500000	7.500000	0
29.500000	8.500000	0
29.500000	8.500000	0
29.500000	9.500000	0
29.500000	9.500000	0
29.500000	10.500000	0
29.500000	10.500000	0
29.500000	11.500000	0
29.500000	11.500000	0
29.500000	12.500000	0
29.500000	12.500000	0
29.500000	13.500000	0
29.500000	13.500000	0
29.500000	14.500000	0
29.500000	14.500000	0
29.500000	15.500000	0
29.500000	15.500000	0
29.500000	16.500000	0
29.500000	16.500000	0
29.500000	17.500000	0
29.500000	17.500000	0
29.500000	18.500000	0
29.500000	18.500000	0
29.500000	19.500000	0
29.500000	19.500000	0
29.500000	20.500000	0
29.500000	20.500000	0
29.500000	21.500000	0
29.500000	21.500000	0
29.500000	22.500000	0
29.500000	22.500000	0
29.500000	23.500000	0
29.500000	23.500000	0
29.500000	24.500000	0
29.500000	24.500000	0
29.500000	25.500000	0
29.500000	25.500000	0
29.500000	26.500000	0
29.500000	26.500000	0
29.500000	27.500000	0
29.500000	27.500000	2
29.500000	28.500000	2
29.500000	28.500000	0
29.500000	29.500000	0
29.500000	29.500000	0
29.500000	30.500000	0

30.500000	0.500000	0
30.500000	0.500000	0
30.500000	1.500000	0
30.500000	1.500000	0
30.500000	2.500000	0
30.500000	2.500000	0
30.500000	3.500000	0
30.500000	3.500000	0
30.500000	4.500000	0
30.500000	4.500000	7
30.500000	5.500000	7
30.500000	5.500000	0
30.500000	6.500000	0
30.500000	6.500000	0
30.500000	7.500000	0
30.500000	7.500000	0
30.500000	8.500000	0
30.500000	8.500000	0
30.500000	9.500000	0
30.500000	9.500000	0
30.500000	10.500000	0
30.500000	10.500000	0
30.500000	11.500000	0
30.500000	11.500000	0
30.500000	12.500000	0
30.500000	12.500000	0
30.500000	13.500000	0
30.500000	13.500000	0
30.500000	14.500000	0
30.500000	14.500000	0
30.500000	15.500000	0
30.500000	15.500000	0
30.500000	16.500000	0
30.500000	16.500000	0
30.500000	17.500000	0
30.500000	17.500000	0
30.500000	18.500000	0
30.500000	18.500000	0
30.500000	19.500000	0
30.500000	19.500000	0
30.500000	20.500000	0
30.500000	20.500000	0
30.500000	21.500000	0
30.500000	21.500000	0
30.500000	22.500000	0
30.500000	22.500000	0
30.500000	23.500000	0
30.500000	23.500000	0
30.500000	24.500000	0
30.500000	24.500000	0
30.500000	25.500000	0
30.500000	25.500000	0
30.500000	26.500000	0
30.500000	26.500000	0
30.500000	27.500000	0
30.500000	27.500000	2
30.500000	28.500000	2
30.500000	28.500000	0
30.500000	29.500000	0
30.500000	29.500000	0
30.500000	30.500000	0

