0 0
1 0
2 0
3 0
4 0
5 0
6 0
7 0
8 0
9 0
10 0
11 0
12 3
13 49
14 63
15 82
16 158
17 315
18 317
19 106
20 1
21 0
22 0
23 0
24 0
25 0
26 0
27 0
28 0
29 0
30 0
31 0
32 0
33 0
34 0
35 0
36 6
37 129
38 48
39 67
40 77
41 85
42 107
43 83
44 147
45 85
46 5
47 77
48 99
49 93
50 0
51 0
52 0
53 0
54 0
55 0
56 0
57 0
58 0
59 0
60 0
61 0
62 83
63 0
64 1
65 23
66 72
67 172
68 98
69 68
70 69
71 62
72 53
73 93
74 88
75 62
76 7
77 67
78 78
79 127
80 25
81 1
82 0
83 0
84 0
85 0
86 0
87 0
88 0
89 0
90 12
91 58
92 1
93 0
94 1
95 13
96 27
97 73
98 58
99 74
100 70
101 78
102 60
103 68
104 83
105 28
106 6
107 78
108 108
109 79
110 42
111 2
112 0
113 0
114 0
115 0
116 0
117 0
118 0
119 0
120 0
121 199
122 0
123 0
124 8
125 26
126 43
127 404
128 79
129 82
130 69
131 70
132 91
133 88
134 99
135 48
136 0
137 97
138 76
139 217
140 146
141 49
142 0
143 0
144 0
145 0
146 0
147 0
148 0
149 0
150 38
151 61
152 40
153 19
154 91
155 2
156 56
157 47
158 69
159 73
160 47
161 42
162 142
163 100
164 90
165 44
166 7
167 89
168 76
169 219
170 106
171 101
172 8
173 0
174 0
175 0
176 0
177 0
178 0
179 0
180 0
181 14
182 192
183 236
184 16
185 68
186 125
187 36
188 65
189 82
190 131
191 56
192 95
193 77
194 83
195 171
196 9
197 172
198 87
199 235
200 146
201 50
202 0
203 0
204 0
205 0
206 0
207 0
208 0
209 0
210 0
211 18
212 303
213 290
214 59
215 2284
216 194
217 66
218 69
219 168
220 99
221 83
222 148
223 101
224 127
225 183
226 298
227 105
228 127
229 286
230 149
231 59
232 0
233 0
234 0
235 0
236 50
237 0
238 0
239 0
240 124
241 239
242 176
243 249
244 84
245 112
246 104
247 61
248 82
249 203
250 142
251 88
252 79
253 104
254 125
255 436
256 15
257 89
258 136
259 230
260 147
261 96
262 0
263 0
264 0
265 0
266 0
267 0
268 0
269 0
270 137
271 88
272 100
273 95
274 72
275 86
276 98
277 34
278 308
279 83
280 51
281 103
282 108
283 131
284 181
285 610
286 47
287 872
288 224
289 313
290 341
291 113
292 0
293 0
294 0
295 0
296 6
297 0
298 0
299 0
300 64
301 88
302 75
303 109
304 495
305 75
306 70
307 70
308 85
309 51
310 52
311 59
312 18
313 105
314 150
315 245
316 62
317 155
318 179
319 339
320 205
321 147
322 5
323 0
324 0
325 0
326 0
327 0
328 0
329 0
330 139
331 180
332 168
333 136
334 143
335 53
336 72
337 70
338 34
339 64
340 203
341 12
342 15
343 6
344 2
345 293
346 105
347 186
348 351
349 293
350 203
351 236
352 37
353 0
354 0
355 0
356 0
357 0
358 0
359 0
360 139
361 101
362 99
363 125
364 1259
365 79
366 121
367 116
368 50
369 85
370 169
371 30
372 26
373 31
374 76
375 348
376 767
377 294
378 296
379 247
380 276
381 439
382 74
383 0
384 0
385 0
386 0
387 0
388 0
389 0
390 97
391 131
392 120
393 269
394 79
395 83
396 107
397 136
398 48
399 32
400 45
401 116
402 140
403 151
404 194
405 166
406 663
407 390
408 676
409 223
410 857
411 285
412 304
413 98
414 158
415 261
416 336
417 0
418 0
419 0
420 60
421 105
422 361
423 152
424 90
425 86
426 115
427 80
428 18
429 20
430 179
431 187
432 213
433 211
434 242
435 248
436 105
437 442
438 428
439 394
440 641
441 498
442 347
443 132
444 421
445 664
446 265
447 0
448 0
449 0
450 57
451 128
452 95
453 494
454 313
455 108
456 100
457 181
458 133
459 215
460 82
461 150
462 184
463 266
464 1466
465 259
466 455
467 614
468 480
469 564
470 731
471 642
472 322
473 361
474 981
475 1016
476 239
477 0
478 0
479 0
480 45
481 103
482 66
483 98
484 175
485 233
486 204
487 222
488 109
489 143
490 194
491 415
492 218
493 195
494 465
495 918
496 537
497 919
498 711
499 964
500 2599
501 1338
502 913
503 550
504 759
505 631
506 370
507 0
508 0
509 0
510 52
511 4
512 50
513 94
514 79
515 79
516 127
517 159
518 164
519 226
520 198
521 281
522 252
523 267
524 623
525 606
526 1968
527 817
528 1085
529 676
530 1199
531 1250
532 637
533 646
534 509
535 572
536 401
537 0
538 0
539 0
540 125
541 55
542 2
543 4
544 87
545 98
546 53
547 192
548 149
549 903
550 422
551 414
552 688
553 669
554 743
555 2349
556 967
557 1230
558 1500
559 1975
560 2482
561 3543
562 1893
563 947
564 831
565 584
566 1222
567 103
568 0
569 0
570 141
571 146
572 26
573 12
574 66
575 111
576 106
577 148
578 241
579 117
580 395
581 594
582 1297
583 694
584 974
585 1082
586 910
587 820
588 2253
589 2484
590 2404
591 2129
592 1666
593 452
594 396
595 696
596 1100
597 1464
598 0
599 0
600 101
601 177
602 33
603 37
604 28
605 101
606 75
607 144
608 182
609 78
610 289
611 297
612 438
613 466
614 652
615 621
616 667
617 2450
618 2181
619 2227
620 3072
621 2818
622 1321
623 517
624 401
625 425
626 1629
627 518
628 0
629 0
630 86
631 153
632 86
633 127
634 121
635 198
636 287
637 48
638 153
639 225
640 184
641 217
642 393
643 1114
644 231
645 1396
646 1003
647 940
648 1151
649 2240
650 9103
651 11966
652 2791
653 1137
654 1710
655 428
656 1901
657 388
658 0
659 0
660 87
661 166
662 109
663 153
664 186
665 229
666 221
667 159
668 166
669 148
670 162
671 243
672 420
673 297
674 338
675 480
676 454
677 465
678 8894
679 1476
680 2107
681 2564
682 1987
683 1812
684 1129
685 719
686 555
687 0
688 0
689 0
690 39
691 40
692 89
693 212
694 60
695 80
696 329
697 125
698 109
699 121
700 41
701 206
702 389
703 263
704 314
705 381
706 126
707 135
708 984
709 1575
710 2085
711 1784
712 1174
713 1415
714 1044
715 101
716 0
717 0
718 0
719 0
720 30
721 0
722 66
723 232
724 162
725 224
726 298
727 479
728 112
729 11
730 30
731 97
732 362
733 271
734 365
735 204
736 21
737 36
738 537
739 1109
740 974
741 874
742 1019
743 1297
744 1
745 0
746 0
747 0
748 0
749 0
750 12
751 132
752 108
753 133
754 93
755 187
756 187
757 191
758 253
759 210
760 44
761 82
762 114
763 187
764 147
765 411
766 111
767 114
768 40
769 106
770 185
771 445
772 792
773 0
774 0
775 0
776 0
777 0
778 0
779 0
780 2
781 9
782 1
783 19
784 56
785 166
786 133
787 140
788 151
789 21
790 13
791 21
792 14
793 1
794 6
795 0
796 0
797 0
798 0
799 0
800 0
801 0
802 0
803 0
804 0
805 0
806 0
807 0
808 0
809 0
810 0
811 0
812 0
813 0
814 17
815 51
816 132
817 59
818 66
819 0
820 0
821 0
822 0
823 0
824 0
825 0
826 0
827 0
828 0
829 0
830 0
831 0
832 0
833 0
834 0
835 0
836 0
837 0
838 0
839 0
840 0
841 0
842 0
843 0
844 0
845 86
846 37
847 0
848 0
849 0
850 0
851 0
852 0
853 0
854 0
855 0
856 0
857 0
858 0
859 0
860 0
861 0
862 0
863 0
864 0
865 0
866 0
867 0
868 2
869 265
870 0
871 0
872 0
873 0
874 7
875 0
876 0
877 0
878 0
879 0
880 0
881 0
882 0
883 0
884 0
885 0
886 0
887 0
888 0
889 0
890 0
891 0
892 0
893 0
894 0
895 0
896 0
897 2
898 0
899 0
